0.585573
1.48378
0.614774
0.86481
0.796666
1.01965
0.522613
1.23822
0.536968
0.522507
1.53851
0.805583
0.512565
0.988762
1.18768
0.424131
1.44723
0.547721
0.833396
0.804709
1.0074
0.539778
1.03388
0.643275
0.487671
1.57181
0.767171
0.66476
1.05941
1.19721
0.434069
1.35341
0.471388
0.599633
0.781522
1.12363
0.456954
0.640286
1.12245
0.503442
1.53712
0.723598
0.929162
0.77195
1.19706
0.776134
0.610337
1.0664
0.285581
0.932439
1.11157
0.619982
0.440031
1.16736
0.489435
1.24606
0.812951
0.891895
0.558987
1.38175
1.15465
0.34161
1.35188
0.375302
1.04658
0.600752
1.24105
0.448918
0.55295
1.12638
0.606577
1.10082
0.815883
0.749648
0.677267
1.5495
0.375199
1.40071
0.660866
0.755045
0.538025
1.54388
0.957184
0.343736
1.37659
0.478421
0.94037
0.758956
1.30399
0.322859
0.814266
0.862293
0.726454
0.847093
0.968862
0.82216
0.410438
1.43257
0.493888
1.12915
0.966691
0.665055
0.636424
1.52306
1.09177
0.523783
1.09665
0.825209
0.594046
0.997648
1.01367
0.366931
1.0646
0.762015
0.925538
0.612675
1.16682
0.502689
0.929059
1.54802
0.630032
0.861512
0.864402
1.03619
0.487587
1.64766
0.768166
0.716162
0.839416
1.06634
0.562373
1.14826
0.71556
0.335803
1.31081
0.514561
1.25952
0.307909
1.40896
0.230555
1.0989
1.36661
0.56576
0.760956
0.773234
0.833122
0.570202
1.47843
0.8431
0.650986
0.765433
1.28649
0.441811
1.52294
0.591896
0.535546
0.857234
0.929686
0.948189
0.401238
1.25076
0.197524
0.96357
1.13753
0.934424
0.303205
1.19505
0.385116
0.671277
1.16424
0.754443
0.787492
0.326691
1.53985
0.305577
1.43344
1.03635
0.657868
0.673605
0.992201
0.777573
0.815935
1.00747
0.751234
0.637457
0.921401
1.46931
0.258155
1.61632
0.289689
0.812716
0.791484
1.19071
0.626212
0.511407
1.00435
0.397314
1.03749
1.01053
1.11156
0.156599
1.47906
0.263694
1.02716
0.964745
0.701695
0.750177
0.294302
1.52292
0.277786
1.39964
1.04534
0.788283
0.522021
1.13813
0.657435
0.891289
0.945606
0.869303
0.688349
0.921533
1.33226
0.326067
1.51138
0.233276
1.05849
0.850333
0.859525
0.453781
0.708673
0.832513
0.813826
1.02922
1.04318
0.614222
0.789913
1.59109
0.288304
1.55273
0.424947
1.02347
0.548084
1.53706
0.544752
0.502241
1.20526
0.439871
1.11137
0.920095
0.946624
0.295611
1.44879
0.315792
1.3659
0.72106
1.01212
0.483495
0.759282
1.29565
0.420866
1.26316
0.838747
0.914332
0.577962
1.5287
0.362573
1.25504
0.782476
0.734127
0.576218
0.955027
1.46654
0.263879
1.49814
0.642371
0.771036
0.74291
1.4766
0.423631
0.918903
0.651024
0.68721
0.796388
1.03065
1.25675
0.22003
1.31172
0.32436
1.00418
1.07521
0.810617
0.417176
0.705126
0.905754
0.843808
0.782968
1.29363
0.475395
0.848148
1.59091
0.298117
1.3246
0.525117
0.982669
0.840734
1.31463
0.555156
0.744447
0.839725
0.793121
0.731228
1.30747
0.690162
0.412856
1.3737
0.353145
1.37826
0.634364
1.16025
0.357531
1.06005
1.1416
0.505228
1.00583
0.85603
0.654357
0.78934
1.72524
0.291816
1.28135
0.607146
0.999672
0.487472
1.39684
1.12711
0.435667
1.30875
0.51777
0.949121
0.905208
1.51989
0.319049
0.967698
0.649166
1.00091
0.736571
1.28685
0.463856
0.61367
1.00279
0.669566
0.787184
1.2451
0.612824
0.442805
1.53475
0.381245
1.30594
0.513758
1.20255
0.358072
1.24236
1.19846
0.596606
0.926381
0.920963
0.699377
0.890483
1.76507
0.417587
1.19143
0.614498
0.97758
0.465702
1.4897
1.08452
0.417126
1.17612
0.621441
0.79099
1.00636
1.55487
0.413725
0.960932
0.678991
0.946213
0.467451
1.49436
0.669117
0.32326
1.49767
0.33114
1.26478
0.650097
1.13547
0.390581
1.25938
0.940179
0.7335
0.820573
0.942816
0.561658
1.18987
1.40546
0.412625
1.16714
0.717127
0.831439
0.680811
1.73711
0.538664
0.851693
0.788078
1.01417
0.411809
1.44209
1.02125
0.245041
1.43538
0.460686
1.17087
0.578692
1.47174
0.428169
0.800855
0.990808
0.74957
0.788558
1.01911
0.966066
0.407355
1.28817
0.503326
1.28141
0.635869
1.02674
0.485843
0.820519
1.12491
0.684836
0.872546
1.10731
0.515222
0.87046
1.6771
0.273693
1.46557
0.519585
1.05804
0.422983
1.60386
0.718239
0.515969
1.12806
0.624558
0.84601
0.992262
1.13055
0.377749
1.21205
0.469158
1.22602
0.69252
1.20162
0.46623
0.701866
1.07697
0.625914
0.84297
1.16671
0.869907
0.286704
1.4107
0.346216
1.285
0.620412
1.11675
0.360341
0.634855
1.34889
0.338656
1.24399
0.939994
0.799041
0.498541
1.5987
0.426631
1.05392
0.626337
0.847433
0.763979
1.07849
1.10308
0.515894
1.03831
0.488035
0.862141
1.28888
1.18758
0.260055
1.3765
0.276407
1.21377
0.585126
1.30366
0.371258
0.577585
1.09761
0.446559
1.10579
0.989242
0.909104
0.295114
1.58586
0.236603
1.43459
0.696744
0.852725
0.461094
0.718146
0.961719
0.635664
0.969085
0.824985
0.894405
0.527299
1.60944
0.30828
1.42038
0.678033
0.606218
0.691553
1.04215
1.08753
0.509258
1.14417
0.60067
0.71254
1.07578
1.4251
0.216861
1.44093
0.271765
1.08682
0.657618
1.07986
0.445236
0.598192
0.970174
0.587367
1.02231
0.95851
0.910283
0.292813
1.66503
0.200591
1.47783
0.714618
0.893344
0.519795
0.80445
0.992989
0.632829
1.1786
0.791182
0.897802
0.58011
1.67676
0.216889
1.61956
0.721436
0.733835
0.651954
1.20413
0.767826
0.744237
0.98015
0.757037
0.752039
0.877487
1.48154
0.197471
1.55989
0.315342
0.922523
0.908709
1.05517
0.593631
0.62897
0.846214
0.677321
0.862584
1.2437
0.711652
0.382837
1.54994
0.221011
1.44961
0.823574
0.970476
0.405349
0.964141
0.997241
0.588532
1.02002
0.894193
0.644711
0.708236
1.66133
0.216411
1.49764
0.555175
0.878166
0.672483
1.44656
0.625012
0.706421
0.925098
0.668873
0.81409
1.03072
1.32754
0.292705
1.30104
0.374205
1.06943
0.992315
1.34446
0.334283
1.01611
0.503339
1.02467
0.599747
1.37247
0.514931
0.458195
1.19285
0.483564
0.999707
1.12842
0.921653
0.243748
1.50942
0.214349
1.34706
0.690762
1.15076
0.357536
0.742595
0.794094
0.870399
0.617639
1.12244
0.631005
0.406432
1.55356
0.360953
1.18812
0.811509
0.968716
0.443771
1.50832
0.361507
1.39304
0.477808
0.992852
0.523652
0.865314
1.13399
0.623451
1.00713
0.758414
0.907863
0.621241
1.64822
0.228892
1.58761
0.634578
0.884799
0.688658
1.5162
0.318579
1.46911
0.516039
0.812527
0.618513
0.919899
1.13414
0.526703
1.07855
0.837908
0.776334
0.655416
1.6459
0.138444
1.66777
0.567478
1.05289
0.598498
1.3881
0.327309
1.31861
0.514767
0.919004
0.634772
0.869875
0.853206
0.768971
0.705196
0.724373
0.787612
0.534946
1.48078
0.280108
1.4184
0.530998
1.18705
0.58722
1.55316
0.229005
1.64185
0.448267
0.874097
0.719966
0.949425
0.497167
1.30343
0.495265
0.690941
0.858113
0.5009
1.23962
0.459467
1.12198
0.655253
0.92771
0.468847
1.67268
0.19984
1.57712
0.707785
1.13103
0.52078
1.61658
0.148644
1.63225
0.711569
0.767018
0.737529
0.932092
0.473483
1.13102
1.01358
0.707383
0.83489
0.524545
1.00389
0.621595
1.25881
0.680615
1.02082
0.429102
1.68634
0.178824
1.60409
0.912441
1.09406
0.470458
1.41705
0.234377
1.39499
0.913208
0.78123
0.736322
0.957045
0.557088
1.03326
1.12118
0.691152
0.809584
0.474617
1.08476
0.443843
1.48137
0.609067
1.05689
0.332293
1.60689
0.280713
1.6049
0.818419
0.866577
0.503934
1.35296
0.283872
1.50061
0.862692
0.685013
0.834001
0.725435
0.611584
0.916707
1.13786
0.493561
1.15605
0.363407
1.18994
0.439839
1.52181
0.616387
1.32676
0.323022
1.46663
0.236404
1.25978
0.976707
0.770175
0.519265
1.30444
0.348116
0.72462
1.37335
0.310712
1.16619
0.846494
0.758407
0.466097
1.38255
0.42092
1.51287
0.395215
1.26987
0.402701
1.21659
0.603478
1.31118
0.324352
1.426
0.42162
0.768751
1.04849
0.732964
0.640861
1.17724
0.759941
0.43142
1.55036
0.318524
1.21239
0.679598
1.24957
0.432946
1.51732
0.280543
1.52253
0.449355
1.31063
0.476006
1.08778
0.599658
1.28942
0.373399
1.28685
0.734833
0.549775
1.07628
0.765402
0.710568
0.97076
1.20069
0.346225
1.31468
0.381291
1.09549
0.866536
1.51338
0.301573
1.42841
0.264575
1.16566
0.738621
1.36545
0.631489
0.961792
0.424177
0.951391
0.586933
1.1808
0.892604
0.453846
0.968223
0.530785
1.01494
0.93627
1.48741
0.1539
1.6456
0.318936
0.978266
0.875899
1.50394
0.193435
1.70832
0.264542
0.931148
0.801639
1.21551
0.569569
1.01662
0.52265
0.668223
0.738244
0.816874
1.30538
0.32306
1.15751
0.671035
0.988179
0.596499
1.55519
0.1323
1.59119
0.419702
1.21104
0.78677
1.53986
0.165293
1.69806
0.468536
1.10705
0.59678
1.04065
0.358306
1.41799
0.411138
0.953532
0.701772
0.677168
0.730846
1.0226
0.604142
0.857467
0.795921
0.3192
1.32965
0.426946
1.01495
0.77636
1.00151
0.253816
1.63561
0.343442
1.21159
0.845312
1.19793
0.230928
1.72872
0.194143
1.39101
0.643036
1.33402
0.289792
1.56337
0.220648
1.37696
0.756779
1.31449
0.405137
1.26022
0.283472
1.30953
0.490076
1.23871
0.554782
0.949193
0.412225
1.28874
0.543081
1.31971
0.708842
0.993352
0.44038
1.29478
0.390519
1.36632
0.736247
0.768714
0.607019
1.25324
0.381485
1.38174
1.0042
0.699848
0.69978
1.20971
0.372649
0.990642
1.28409
0.468582
0.887146
0.899377
0.582185
0.931397
1.37782
0.311277
1.36974
0.591179
0.873078
0.687572
1.63698
0.333876
1.45088
0.336045
1.25525
0.552707
1.49366
0.599651
1.54601
0.264606
1.36982
0.479788
1.35425
0.690529
1.08798
0.370778
1.16909
0.638385
0.673779
1.20575
0.611433
0.820147
1.16942
0.663733
0.559712
1.37381
0.233667
1.33602
0.624727
1.23427
0.413078
1.36679
0.264929
1.60476
0.542217
1.30132
0.483541
1.19135
0.334222
1.39598
0.402521
1.45759
0.543636
0.663201
0.814028
0.977811
0.527904
1.08756
1.08903
0.186782
1.46561
0.380284
0.933604
0.89704
1.46347
0.169595
1.68426
0.286766
1.18292
0.616601
1.60885
0.264205
1.36915
0.43425
1.17784
0.440652
1.27493
0.671415
1.03678
0.425284
1.11087
0.533445
0.632147
1.30849
0.364257
0.949862
0.929892
0.900992
0.390998
1.6696
0.152537
1.51164
0.619142
1.31355
0.361125
1.28867
0.366873
1.45799
0.380058
1.35849
0.483222
0.975605
0.408319
1.17114
0.469712
1.00944
1.00748
0.40137
0.858306
0.809446
0.75824
0.69524
1.55915
0.123982
1.52071
0.553652
1.15806
0.56659
1.50151
0.220791
1.67866
0.345635
1.22755
0.513443
1.19472
0.344795
1.467
0.415924
1.09703
0.637604
0.651236
0.671665
0.933095
0.629752
0.850032
1.05521
0.201313
1.29851
0.524464
1.00116
0.875795
1.38709
0.151563
1.77471
0.177937
1.28306
0.843449
1.32416
0.267283
1.58083
0.205512
1.14815
0.892404
1.07171
0.496121
1.16136
0.311127
0.906134
0.750539
0.677592
1.03611
0.662581
0.659955
0.639253
1.08308
0.474083
1.65879
0.214323
1.31947
0.65089
1.03296
0.510446
1.63875
0.162306
1.64269
0.636861
1.10676
0.498463
1.22882
0.257272
1.37304
0.704706
0.724119
0.799455
0.767187
0.505215
0.874978
1.16544
0.656576
1.2039
0.335392
1.06812
0.418657
1.34662
0.690527
1.41912
0.190706
1.6579
0.261699
1.33042
0.763255
1.22205
0.352136
1.58003
0.226644
1.11963
0.926173
0.93821
0.423689
1.35935
0.452271
0.629701
1.22316
0.492356
0.978601
0.783637
1.05619
0.605674
1.35708
0.253484
1.56992
0.339649
1.45708
0.614752
1.17578
0.46434
1.63529
0.212847
1.59626
0.79853
1.00654
0.459265
1.4699
0.194709
1.27941
1.01079
0.80468
0.599071
1.22637
0.345326
0.852942
1.19164
0.467617
1.06959
0.752676
0.651563
0.617537
1.31145
0.484965
1.38547
0.427578
1.08925
0.475403
1.32693
0.58194
1.57789
0.199897
1.50601
0.489396
1.25806
0.644987
1.45908
0.202335
1.55177
0.541089
0.946729
0.820426
0.99829
0.375968
1.31101
0.788066
0.658711
0.903286
0.498653
0.911924
0.753265
1.16639
0.628513
1.05829
0.251171
1.49189
0.290714
1.57395
0.685942
1.18219
0.246251
1.62655
0.210814
1.46993
0.972393
0.946455
0.399558
1.39176
0.30444
1.00007
0.986063
0.596757
0.907546
0.836548
0.675459
0.726314
1.13708
0.319831
1.46235
0.403658
1.0985
0.566469
1.16597
0.424964
1.63771
0.239513
1.55384
0.59524
1.03374
0.534036
1.39912
0.245729
1.4715
0.699281
0.725762
0.756455
0.904186
0.488226
1.16211
0.96547
0.368785
1.20978
0.492082
0.885232
0.761307
1.49534
0.391825
1.39679
0.335974
1.29826
0.42059
1.47316
0.657845
1.28479
0.280864
1.40064
0.357454
1.10531
0.839485
0.826526
0.536545
1.25967
0.513742
0.545509
1.27202
0.35747
1.0523
1.01419
0.931001
0.407667
1.36895
0.297887
1.38433
0.4775
1.4322
0.473452
1.16839
0.354388
1.41147
0.341021
1.50107
0.724407
0.635556
0.741888
0.994739
0.415588
1.18983
1.21178
0.231475
1.30336
0.674527
0.695488
0.836928
1.51236
0.19868
1.48747
0.418224
0.932462
0.659012
1.50533
0.308269
1.5551
0.360525
1.25552
0.519108
1.34292
0.5248
1.34593
0.286299
1.34321
0.458776
0.922302
0.863362
1.08042
0.378395
1.3317
0.575237
0.686232
1.06322
0.695048
0.562428
1.13439
0.860933
0.403539
1.28789
0.49032
0.817042
0.922953
1.3476
0.42273
1.44427
0.343678
1.22257
0.443055
1.59411
0.473455
1.29268
0.254998
1.55794
0.307491
1.57983
0.737241
1.12554
0.37055
1.46311
0.233298
1.18439
0.988047
0.664641
0.613916
1.2979
0.414441
0.779571
1.39257
0.450892
1.07966
0.72804
0.813356
0.590379
1.44854
0.246314
1.64049
0.361068
1.38792
0.601991
1.36441
0.39519
1.66649
0.24637
1.39995
0.683503
0.908553
0.596824
1.37612
0.29141
1.19659
1.05151
0.521216
1.00736
0.787193
0.630871
0.807476
1.41569
0.258368
1.44589
0.406333
1.06508
0.75555
1.6267
0.266641
1.69778
0.304281
1.25823
0.583692
1.29309
0.532654
1.40767
0.301652
1.09509
0.763785
0.611194
1.01598
0.815204
0.650359
0.994308
1.06514
0.345881
1.48487
0.299089
1.13334
0.862673
1.5624
0.229691
1.60119
0.197135
1.28417
0.739656
1.40038
0.495204
1.27644
0.269592
0.949441
0.685531
0.958546
0.843125
0.789509
0.571115
0.738426
0.991972
0.604182
1.53322
0.235558
1.28832
0.673767
1.21706
0.395182
1.65611
0.1301
1.60575
0.653202
1.3905
0.498073
1.48651
0.161075
1.39124
0.718536
0.922395
0.661468
0.81234
0.466886
0.748271
1.07126
0.804098
1.13781
0.32882
1.05909
0.440777
1.25762
0.653672
1.41013
0.145872
1.63857
0.304215
1.3829
0.80488
1.39212
0.224111
1.64232
0.320269
1.06259
0.838946
0.88901
0.467387
1.25726
0.589387
0.773674
1.00843
0.486005
0.983071
0.758929
1.0962
0.656542
1.26071
0.252238
1.5977
0.259478
1.60697
0.633739
1.03384
0.426974
1.58793
0.213828
1.4631
0.902584
0.846715
0.545042
1.18123
0.376206
1.13586
1.06346
0.388396
1.13865
0.742509
0.797873
0.830841
1.52249
0.318807
1.32526
0.469881
0.930297
0.69021
1.49168
0.443683
1.49911
0.259318
1.41822
0.468455
1.38861
0.75341
1.1171
0.35665
1.20879
0.439195
0.954693
0.892044
0.802289
0.615315
1.30253
0.518516
0.654205
1.34141
0.28024
1.11792
0.782714
1.06971
0.389153
1.33885
0.259253
1.52716
0.523163
1.43728
0.508779
1.16663
0.334331
1.34407
0.324041
1.43403
0.668582
0.587895
0.781691
0.928234
0.605262
0.893759
1.35616
0.14801
1.49484
0.536083
1.05896
0.630383
1.46239
0.163382
1.71355
0.354621
1.2751
0.596671
1.09359
0.42086
1.26417
0.445112
1.06814
0.64657
0.45342
1.01273
0.678467
0.804604
0.869316
1.15022
0.161276
1.54152
0.414366
1.1862
0.750243
1.39884
0.147477
1.77715
0.221034
1.29391
0.763991
0.96888
0.520031
1.178
0.442792
0.915571
0.813591
0.370477
1.20726
0.476642
1.11185
0.695961
1.28162
0.172921
1.72345
0.282951
1.44071
0.78514
1.18209
0.238931
1.65063
0.215448
1.22084
0.944936
0.74996
0.713597
1.04132
0.522257
0.747804
1.03641
0.354798
1.35049
0.459525
1.13086
0.633546
1.20551
0.269493
1.71566
0.210832
1.55045
0.726153
1.05676
0.394221
1.48349
0.236448
1.1588
1.07113
0.469891
1.00851
0.765929
0.689859
0.687168
1.32158
0.296645
1.62767
0.344326
1.29715
0.618452
1.2945
0.356372
1.67759
0.19563
1.46518
0.676877
0.790921
0.689073
1.1969
0.354597
1.1747
1.13808
0.329651
1.16217
0.587353
0.805586
0.858411
1.48841
0.328525
1.52903
0.376889
1.13586
0.530028
1.56542
0.419653
1.52205
0.221535
1.36771
0.519536
0.823228
1.03964
0.753525
0.664252
1.04096
0.929267
0.318773
1.33209
0.290702
1.1856
0.874343
1.45799
0.412373
1.40443
0.264876
1.41005
0.370049
1.58444
0.521786
0.848687
0.506449
1.08474
0.524776
1.22256
1.09577
0.478743
0.936718
0.789332
0.621816
0.884029
1.39524
0.163439
1.5162
0.580624
1.01227
0.66868
1.56592
0.27309
1.5872
0.307309
1.16166
0.506467
0.975871
0.770624
1.01071
0.517775
1.28192
0.567302
0.572978
1.25947
0.435202
0.954095
0.883184
1.0007
0.353073
1.61185
0.263187
1.4272
0.712587
1.23101
0.441811
1.28118
0.245476
1.43223
0.406243
1.32436
0.649108
0.62709
0.787793
0.965115
0.572851
1.0054
1.03108
0.209379
1.40678
0.412559
0.97033
1.06443
1.48996
0.178167
1.72488
0.242852
1.13031
0.594994
1.53461
0.315349
1.34855
0.292512
1.18311
0.640843
1.12087
0.866661
0.810464
0.511678
0.922061
0.560088
0.700841
1.39794
0.29308
1.12944
0.779711
1.09769
0.519713
1.6889
0.147127
1.65969
0.425784
1.21134
0.521146
1.36436
0.254595
1.6257
0.456635
1.20952
0.594238
0.804059
0.576929
1.12775
0.500455
1.0107
1.07544
0.236041
1.29635
0.500345
1.0051
0.875698
1.55055
0.163833
1.71036
0.303088
1.11519
0.704158
1.46967
0.275655
1.63438
0.280893
1.16328
0.641521
0.872269
0.753506
1.05557
0.539188
0.926112
0.877645
0.327372
1.25065
0.560039
0.876834
1.04387
1.29509
0.251344
1.66903
0.218931
1.18155
0.755215
1.53473
0.246942
1.52335
0.209367
1.19028
0.731351
1.28211
0.65204
1.07212
0.421401
0.830297
0.596799
0.813512
1.09705
0.568408
0.807928
0.91775
0.954159
0.527989
1.64595
0.168671
1.42697
0.667633
1.18672
0.41515
1.38868
0.19866
1.56579
0.635551
1.38532
0.475686
1.08678
0.365138
1.28747
0.411868
1.26394
0.681671
0.541416
0.769208
0.853947
0.751921
1.01141
1.19853
0.236749
1.27602
0.554678
0.878774
0.809214
1.48246
0.120224
1.75631
0.345427
1.23711
0.67808
1.34586
0.333848
1.47569
0.361966
1.10816
0.585863
0.6266
0.839238
0.839751
0.705388
1.0464
0.936291
0.305914
1.35034
0.463251
0.993982
0.913484
1.29753
0.129844
1.76594
0.186366
1.2558
0.837614
1.39681
0.387159
1.38039
0.271696
1.09143
0.556914
0.859628
0.797706
0.785444
0.614851
0.880104
0.871088
0.529872
1.38523
0.385976
1.10557
0.802372
0.99044
0.321163
1.70289
0.128043
1.50277
0.82163
1.31556
0.404548
1.43817
0.163703
1.52833
0.536545
1.1497
0.484203
0.860055
0.427481
1.12387
0.594119
1.09445
0.830322
0.439045
0.912717
0.707441
0.719787
0.900964
1.18305
0.180801
1.2974
0.533261
0.93943
0.968278
1.50326
0.145335
1.68473
0.341933
1.06381
0.706494
1.41359
0.236935
1.58448
0.250664
1.18726
0.810411
1.34594
0.470017
1.32937
0.315888
1.11626
0.507814
0.969129
0.820211
0.862407
0.463769
1.13751
0.651569
0.754237
1.25286
0.720108
0.656528
1.00904
0.685435
0.612453
1.34986
0.324144
0.99575
0.880375
1.034
0.562812
1.54871
0.332984
1.25349
0.758074
0.919312
0.589931
1.34459
0.272257
1.53396
0.441699
1.36466
0.596314
1.21008
0.393567
1.67814
0.348763
1.34668
0.724624
1.16164
0.297236
1.67408
0.202036
1.54494
0.684627
1.13232
0.476144
1.69338
0.18343
1.51778
0.803308
1.00276
0.446704
1.39015
0.163441
1.51217
0.72121
0.94856
0.691092
0.974005
0.38036
1.21993
0.78342
0.793298
0.719805
0.583733
0.660706
0.799066
0.764602
0.804269
1.14223
0.33602
1.11122
0.548024
1.07729
0.789691
1.36992
0.14113
1.43067
0.416858
1.0524
0.916038
1.4897
0.164441
1.7652
0.232791
1.22972
0.763673
1.3156
0.316265
1.51973
0.212984
1.06687
0.787531
1.25407
0.550145
1.2403
0.332955
1.10356
0.61134
0.858269
0.945586
0.756804
0.575098
0.868345
0.818809
0.629174
1.32169
0.591456
0.82545
0.995222
0.860177
0.577444
1.51923
0.222888
1.2476
0.701262
1.18651
0.47152
1.42743
0.276336
1.50378
0.732301
1.10149
0.564309
1.36229
0.253424
1.62623
0.308894
1.52143
0.549301
1.03367
0.460408
1.61274
0.354176
1.43734
0.656169
1.1608
0.345797
1.54603
0.234757
1.5398
0.653035
0.680283
0.758571
1.27048
0.319319
1.51549
0.79189
0.735003
0.768031
0.988714
0.333988
1.34616
0.820715
0.545905
1.03281
0.546853
0.784714
0.869077
1.15442
0.615077
1.08812
0.365553
1.03519
0.494357
1.24685
0.586983
1.37653
0.235588
1.51638
0.277178
1.47628
0.940615
1.27277
0.175064
1.68259
0.155326
1.17505
0.917553
1.10663
0.397083
1.50664
0.187033
0.986565
0.942799
0.661145
0.891365
0.832935
0.583874
0.568772
0.987245
0.563896
1.38926
0.420902
1.13767
0.647805
1.15417
0.447839
1.63776
0.157843
1.51496
0.56716
1.12993
0.66343
1.47013
0.176618
1.56395
0.693089
0.868985
0.691156
0.823447
0.510877
1.14874
0.7607
0.799589
0.946646
0.394837
1.14545
0.519239
1.20952
0.733134
1.09133
0.186086
1.65584
0.178415
1.4372
0.883341
1.32252
0.228179
1.71883
0.152178
1.18103
0.864798
0.871134
0.527032
1.18299
0.331251
0.833878
1.00052
0.588533
1.23859
0.499208
0.888753
0.672418
1.10365
0.314438
1.69707
0.170025
1.48696
0.588829
1.31347
0.504529
1.69543
0.13324
1.56147
0.647504
0.976177
0.522651
1.09403
0.306618
1.11394
0.918498
0.616263
1.15441
0.405117
0.939502
0.546269
1.33151
0.487228
1.50522
0.150044
1.51133
0.396931
1.3543
0.775118
1.46433
0.191992
1.63889
0.376275
1.06943
0.768602
0.806672
0.473474
1.17114
0.723727
0.610639
1.09407
0.384696
1.05187
0.71592
1.09757
0.605057
1.11017
0.242495
1.49777
0.332817
1.54035
0.684739
1.21204
0.254103
1.67685
0.175698
1.47878
0.961775
0.760889
0.513913
1.19101
0.348754
0.989342
1.06688
0.608843
0.982744
0.760295
0.616346
0.614069
1.32444
0.347832
1.50761
0.252636
1.32536
0.418966
1.2209
0.825389
1.39457
0.248845
1.53854
0.29152
1.14515
0.6819
1.15857
0.324941
1.53055
0.352704
0.831
1.10093
0.640644
0.734011
1.03319
0.784939
0.527605
1.05829
0.401125
1.18663
0.656298
1.12385
0.666132
1.19929
0.378768
1.65576
0.20635
1.45919
0.761242
1.06975
0.392464
1.65697
0.140829
1.56943
0.83717
1.22759
0.46382
1.52582
0.146636
1.40544
0.798663
0.939368
0.4978
1.15254
0.274229
1.01104
0.964297
1.04709
0.714259
0.730382
0.494218
0.880319
0.813421
0.863819
0.913667
0.315436
0.940189
0.62876
0.908384
1.00143
1.20924
0.221927
1.37115
0.495923
0.961413
0.871622
1.36247
0.110361
1.67131
0.30794
1.14853
0.882513
1.54745
0.165704
1.74308
0.379655
1.03044
0.593634
1.39959
0.338043
1.43519
0.307589
1.10437
0.585371
0.935399
0.933349
0.829787
0.576969
1.08277
0.575223
0.478485
1.36384
0.33748
0.975467
0.915949
0.943581
0.432099
1.64639
0.235898
1.44936
0.642136
1.16221
0.407128
1.46766
0.226557
1.52423
0.474916
1.36958
0.511244
0.960318
0.497291
1.27453
0.42237
1.0763
0.82299
0.356947
1.02842
0.742683
0.686362
1.06293
1.32331
0.18206
1.67176
0.301294
1.08218
0.75154
1.54782
0.18603
1.66362
0.235942
1.26494
0.759659
1.44658
0.394976
1.47427
0.272948
1.08881
0.527609
0.926933
0.804672
0.910733
0.423779
1.04349
0.814529
0.483237
1.487
0.435552
0.907521
0.843563
0.933512
0.362919
1.58464
0.190707
1.37096
0.733971
1.44112
0.399572
1.51843
0.217839
1.52302
0.452632
1.33817
0.543887
0.925261
0.412931
1.237
0.540295
1.17657
0.902001
0.554278
0.7704
0.837282
0.69059
0.842088
1.44485
0.149213
1.54914
0.385753
1.1505
0.885581
1.59898
0.213643
1.70629
0.342598
0.999737
0.666043
1.39272
0.365717
1.49895
0.306807
1.04603
0.695821
0.805553
0.945933
0.846497
0.695912
0.862823
0.781467
0.399568
1.38624
0.401904
1.00292
1.06775
1.10058
0.326569
1.67714
0.169461
1.41077
0.735098
1.33977
0.285122
1.40145
0.203152
1.40335
0.679964
1.47789
0.442166
1.18744
0.325243
1.35728
0.450272
1.35953
0.60129
0.618314
0.651748
1.00822
0.528057
1.36895
0.926882
0.434633
0.956418
0.931616
0.426853
1.18211
1.14521
0.247358
1.23515
0.603706
0.677244
1.10679
1.35863
0.289644
1.42538
0.529992
0.736718
0.754022
1.48013
0.264315
1.34294
0.391306
1.07956
0.637697
1.58249
0.569549
1.44263
0.346703
1.15171
0.366324
1.53079
0.595514
1.25959
0.221608
1.56564
0.271566
1.32838
1.03045
1.17568
0.319091
1.62148
0.148941
1.18421
0.935042
0.946178
0.45767
1.42319
0.250221
0.926245
1.11848
0.781959
0.813662
0.978656
0.529453
0.659135
1.03811
0.452962
1.16973
0.604543
0.848862
0.611861
1.1628
0.575084
1.54932
0.262941
1.26727
0.684009
1.08019
0.482033
1.62412
0.139703
1.62156
0.578674
1.27039
0.674501
1.43032
0.196664
1.60913
0.549215
1.02464
0.549203
0.921878
0.434986
1.17902
0.640601
0.964353
0.808663
0.541557
0.821672
0.869665
0.808413
0.797585
0.936944
0.191033
1.33373
0.457345
1.09492
0.896489
1.33889
0.141851
1.76258
0.20852
1.34557
0.810237
1.27448
0.19974
1.60829
0.204022
1.21881
0.847283
1.13253
0.511303
1.10558
0.409714
0.879101
0.725724
0.532877
1.17183
0.486072
0.882639
0.640077
1.10451
0.506341
1.63973
0.214922
1.34721
0.609965
1.08497
0.485967
1.54
0.155887
1.67676
0.524635
1.08238
0.605309
0.94616
0.457811
1.20387
0.686741
0.709116
0.756881
0.523476
0.786321
0.773589
0.908204
0.807448
1.19577
0.241991
1.34464
0.350252
1.28169
0.814996
1.3648
0.14649
1.72889
0.206836
1.23699
0.987854
1.29783
0.326573
1.61405
0.167856
1.09341
0.745376
0.934636
0.630552
1.08173
0.393476
0.715328
0.955823
0.623217
1.17593
0.567069
0.865292
0.632682
0.941453
0.477155
1.59445
0.230891
1.38474
0.668537
1.20108
0.562249
1.61167
0.124066
1.6086
0.678553
0.909021
0.600796
0.96275
0.384383
1.19535
0.764606
0.983862
0.809861
0.523678
0.843696
0.63697
1.06687
0.717361
1.18772
0.174835
1.45636
0.275912
1.29346
1.00173
1.41081
0.174773
1.75308
0.177968
1.12523
0.870493
1.20887
0.315827
1.53779
0.234213
0.924709
0.895239
0.805702
0.873611
0.847964
0.675543
0.757488
0.867693
0.386289
1.3922
0.398128
1.15911
0.765889
1.21066
0.36385
1.72768
0.165071
1.47732
0.811099
1.15102
0.352911
1.53747
0.122933
1.40618
0.815202
1.0997
0.629598
0.860075
0.415511
0.970383
0.83625
0.676415
0.931696
0.358371
1.00484
0.497159
1.2453
0.758388
1.42627
0.155073
1.58079
0.333623
1.30654
0.714468
1.33074
0.170689
1.69394
0.351895
1.15514
0.952961
0.995986
0.438048
1.3744
0.417324
0.847731
0.808862
0.454416
1.07088
0.680307
0.897116
0.650679
1.07584
0.315443
1.5641
0.331798
1.30556
0.695977
1.03545
0.293837
1.71656
0.194468
1.56516
0.741961
1.20881
0.368866
1.48246
0.204783
1.40268
0.720745
0.803233
0.587662
0.90722
0.357662
1.14696
0.780967
0.836597
0.942941
0.455882
0.854325
0.611415
1.03067
0.644427
1.33411
0.195516
1.42665
0.302842
1.23775
0.973618
1.44428
0.192016
1.73114
0.197436
1.20555
0.809396
1.20534
0.292716
1.54953
0.240319
0.830745
0.972257
0.720942
0.871745
0.889388
0.518525
0.674564
0.795803
0.503916
1.41512
0.352717
1.09062
0.661354
1.22137
0.434437
1.77744
0.12742
1.63704
0.682069
1.04555
0.464152
1.41914
0.178091
1.48002
0.776962
0.944669
0.66761
0.807125
0.459513
0.961366
0.947956
0.662231
1.03479
0.259836
1.24782
0.415295
1.30657
0.915329
1.3571
0.203258
1.68123
0.182427
1.33695
0.791397
1.34003
0.17188
1.77384
0.152015
1.14859
0.989194
1.13869
0.406453
1.41659
0.326434
0.767366
0.757728
0.703909
0.882358
0.88768
0.613241
0.788121
0.939665
0.466561
1.48489
0.344619
1.11013
0.807724
1.04882
0.285075
1.73283
0.149037
1.49131
0.800738
1.35366
0.348527
1.67954
0.127754
1.55678
0.655801
1.22141
0.375349
1.20179
0.235762
1.23209
0.65448
1.10345
0.736563
0.561269
0.668403
0.829878
0.717096
0.821163
1.15309
0.167693
1.30153
0.473302
1.086
0.819897
1.5588
0.108084
1.77426
0.392563
1.22053
0.634951
1.33863
0.203119
1.63763
0.345841
1.13726
0.661422
0.827381
0.566991
1.16723
0.567237
0.924365
0.779118
0.259025
1.20506
0.527661
0.916204
0.903003
1.25509
0.133451
1.71228
0.272323
1.24316
0.820422
1.39781
0.117932
1.75399
0.22995
1.26334
0.744741
1.33086
0.329851
1.45367
0.292778
1.03755
0.641531
0.658778
0.960825
0.680034
0.685583
0.771696
0.933571
0.377614
1.6355
0.232525
1.28228
0.737497
1.16565
0.286434
1.66099
0.17742
1.54556
0.622138
1.23975
0.395259
1.35206
0.263624
1.32952
0.653936
0.90714
0.657796
0.800391
0.440588
0.938521
0.782772
0.677611
1.29318
0.270593
1.08647
0.585027
1.17067
0.516081
1.62725
0.139415
1.61406
0.430934
1.22648
0.585228
1.4256
0.251428
1.62181
0.484126
1.08992
0.567675
0.939428
0.377163
1.19161
0.600738
0.719679
0.950369
0.390051
0.854003
0.754443
0.974432
0.73949
1.28382
0.160905
1.39674
0.389904
1.17328
0.728612
1.49157
0.165988
1.76305
0.227119
1.34508
0.818139
1.24776
0.288042
1.60233
0.252065
0.924238
0.774056
0.81919
0.579666
1.19172
0.463877
0.766609
0.971585
0.324672
1.27511
0.497802
1.05323
0.690065
1.15661
0.232372
1.73867
0.203812
1.42552
0.933616
1.28161
0.259161
1.71966
0.112897
1.37334
0.800866
1.00885
0.428468
1.33459
0.236563
0.949538
1.00382
0.64328
0.92259
0.821908
0.488558
0.672479
1.00122
0.392044
1.49905
0.330823
1.11792
0.638671
1.23849
0.376445
1.76725
0.142094
1.57554
0.721641
1.09184
0.376419
1.4901
0.16617
1.41188
0.792901
0.856432
0.663835
1.06052
0.296078
0.940271
1.10665
0.427431
1.2617
0.427952
0.84795
0.555314
1.25036
0.488042
1.62416
0.256802
1.3787
0.483208
1.31868
0.437842
1.59086
0.177421
1.59033
0.50967
0.889151
0.722029
1.12412
0.323019
1.29612
0.945381
0.517175
1.07321
0.57278
0.626378
0.806063
1.26314
0.424264
1.42058
0.300696
1.25129
0.436751
1.54053
0.55304
1.45849
0.272483
1.46449
0.294019
1.21379
0.681121
1.14293
0.318868
1.50867
0.407073
0.791528
1.12281
0.651476
0.5882
1.10475
0.807566
0.445684
1.30391
0.318518
1.15454
0.697311
1.37194
0.538537
1.4219
0.293995
1.49813
0.292898
1.60125
0.549844
1.2016
0.325548
1.59016
0.210009
1.41161
0.886284
0.944001
0.425241
1.37789
0.318665
0.861426
1.14106
0.460116
0.838962
1.01026
0.689564
0.601189
1.44075
0.269848
1.43686
0.529948
1.23928
0.535625
1.39553
0.318896
1.61044
0.232822
1.608
0.614146
1.08994
0.418341
1.53839
0.21566
1.30123
0.926777
0.708116
0.592778
1.1521
0.402287
0.851216
1.3086
0.28336
1.28858
0.685038
0.879617
0.618552
1.60287
0.234036
1.65338
0.29315
1.30507
0.572379
1.34915
0.460293
1.62608
0.266018
1.34834
0.607968
0.90183
0.647353
1.13756
0.354983
1.13659
0.921455
0.401296
1.23748
0.65357
0.719893
0.997974
1.25783
0.287717
1.50248
0.301748
1.08683
0.744473
1.61998
0.34381
1.59311
0.220693
1.38777
0.544894
1.32804
0.584493
1.22936
0.301892
1.14413
0.58513
0.83211
0.948904
0.851749
0.503895
1.10971
0.911967
0.427887
1.52622
0.30963
1.03702
0.771987
1.36496
0.287314
1.53702
0.211934
1.40168
0.682564
1.59096
0.444668
1.4555
0.229338
1.31808
0.423088
1.31755
0.644793
0.940997
0.405594
1.13543
0.631267
0.810889
1.34384
0.519262
0.827328
0.863168
0.763117
0.545634
1.44555
0.224865
1.36839
0.729209
1.24399
0.515562
1.5175
0.195924
1.65923
0.358472
1.43003
0.533221
1.03545
0.393808
1.46039
0.413532
1.41278
0.738705
0.829543
0.534144
1.18084
0.408236
1.06416
1.15232
0.331519
1.07539
0.787731
0.751201
0.780226
1.43865
0.205739
1.56508
0.490769
1.07281
0.643045
1.42436
0.233655
1.7119
0.328574
1.40605
0.580552
1.0945
0.469754
1.49051
0.335912
1.33003
0.785951
0.630009
0.715911
1.07159
0.390236
1.29498
1.03796
0.387135
1.21723
0.673373
0.636813
0.849286
1.41149
0.234122
1.48218
0.360969
1.07475
0.667606
1.47616
0.437555
1.60627
0.331807
1.23913
0.483942
1.403
0.466332
1.49216
0.214036
1.49842
0.555192
0.879669
0.897919
1.04865
0.321744
1.33485
0.694595
0.601692
1.00721
0.607322
0.643379
1.05565
1.04177
0.423691
1.29811
0.354622
1.14925
0.558454
1.56376
0.522119
1.29839
0.291396
1.35155
0.3542
1.45644
0.80031
1.22736
0.245499
1.59032
0.269101
1.17475
1.03477
0.729126
0.503253
1.31123
0.353116
0.816235
1.10089
0.59931
0.896733
1.03228
0.492333
0.700781
1.04879
0.345809
1.2602
0.529975
0.976416
0.555994
1.15932
0.378595
1.59321
0.36107
1.23767
0.712245
1.09823
0.31606
1.68877
0.187028
1.456
0.740724
1.0741
0.453365
1.62324
0.173936
1.48882
0.88587
1.13035
0.408607
1.34974
0.206788
1.44755
0.557235
1.2928
0.470982
1.10287
0.315846
1.35066
0.605311
1.2864
0.659949
1.03023
0.317618
1.24924
0.423037
1.18525
0.779064
0.627611
0.597672
1.11636
0.570548
1.17521
1.13693
0.54576
0.799863
0.960682
0.468483
1.0226
1.27496
0.308727
1.21384
0.772838
0.740224
0.814171
1.44662
0.320107
1.37435
0.598353
0.85204
0.681018
1.36418
0.274178
1.59783
0.412358
1.27225
0.604899
1.32771
0.518281
1.58669
0.262105
1.30583
0.583363
1.00623
0.63995
1.37743
0.215693
1.6106
0.603002
0.85445
0.897965
0.915225
0.394115
1.23855
0.765254
0.556069
0.871144
0.59002
0.782921
0.887973
1.13797
0.610647
1.2317
0.291635
1.20077
0.405211
1.44437
0.605726
1.2975
0.170043
1.62864
0.324065
1.36236
0.997502
1.10068
0.299853
1.54865
0.24373
1.10792
0.851375
0.778933
0.599164
1.22435
0.460712
0.740975
1.12048
0.441584
1.08443
0.744365
0.810455
0.597553
0.961245
0.345796
1.42157
0.455862
1.14654
0.713347
1.17285
0.33208
1.71893
0.201005
1.41524
0.757878
1.02867
0.332385
1.67199
0.145998
1.51388
0.839164
1.27621
0.366585
1.41529
0.202404
1.41301
0.60928
1.10742
0.466073
1.07221
0.291138
1.25976
0.620364
1.17166
0.731547
0.918284
0.356392
1.14955
0.574129
0.955518
0.958003
0.614514
0.569329
1.04945
0.532289
1.1337
1.06866
0.539423
0.769083
1.16121
0.468701
1.02041
1.29021
0.531121
0.833432
0.997376
0.460746
0.926231
1.17955
0.516901
0.951531
1.05038
0.569465
0.780075
1.29751
0.381468
1.07059
0.790319
0.663841
0.698614
1.10754
0.401362
1.42392
0.529897
1.00821
0.706675
1.15811
0.369548
1.65476
0.239516
1.27634
0.67462
1.02568
0.415105
1.72313
0.156382
1.58796
0.745426
1.33243
0.386319
1.60476
0.16187
1.52753
0.566732
1.19629
0.36847
1.33896
0.217943
1.44395
0.69368
1.27786
0.516968
0.986481
0.311748
1.35916
0.393246
1.26716
0.628949
0.648143
0.580772
1.23248
0.396292
1.36794
0.863358
0.60955
0.732955
1.15442
0.296078
1.31894
0.96297
0.544553
0.667848
1.18008
0.312205
1.24867
1.1089
0.67752
0.63505
1.37241
0.190005
1.06344
1.17104
0.594401
0.732821
1.04299
0.300479
0.757398
1.08717
0.791879
0.992729
0.692151
0.498426
0.718742
0.91953
0.651181
1.25107
0.403226
0.878532
0.592608
0.994756
0.711873
1.41741
0.364371
1.07293
0.709211
0.971021
0.711516
1.48882
0.265441
1.22458
0.664035
0.945223
0.6459
1.43614
0.285519
1.25294
0.987257
0.837651
0.624722
1.48744
0.259993
1.36871
0.657324
0.858969
0.574452
1.0951
0.389946
1.42302
0.598347
0.939894
0.640411
1.15794
0.352735
1.54172
0.421634
1.06895
0.633284
0.938275
0.373513
1.6037
0.328628
1.21355
0.850057
1.14164
0.370528
1.66371
0.29227
1.1912
0.805431
1.02762
0.362285
1.55899
0.240691
1.21171
0.810554
1.28858
0.400726
1.59448
0.247686
1.3424
0.662425
1.27096
0.411345
1.39109
0.288129
1.376
0.507036
1.51439
0.533787
1.25418
0.403785
1.57161
0.363588
1.53912
0.812825
1.12576
0.311016
1.65583
0.165503
1.50556
0.929182
1.15715
0.3364
1.7446
0.13729
1.40089
1.04391
1.16024
0.341501
1.57781
0.127747
1.31744
0.839516
1.32905
0.312076
1.48413
0.187601
1.30099
0.841265
1.39863
0.424057
1.2179
0.277921
1.03662
0.518806
1.44171
0.570938
0.94215
0.443986
1.2018
0.51349
1.27395
1.00364
0.685859
0.568756
1.09671
0.345125
1.15056
1.0787
0.452221
0.782717
1.1752
0.419424
0.907644
1.38241
0.418386
1.028
0.936403
0.413438
0.804842
1.11823
0.441122
1.09548
0.788519
0.596427
0.660013
1.2446
0.451122
1.23323
0.658833
0.631479
0.624377
0.997105
0.421307
1.30261
0.53553
0.780576
0.639591
1.07677
0.535126
1.5655
0.346784
0.987627
0.753686
0.868244
0.495289
1.61669
0.227318
1.28839
0.710667
1.18177
0.511027
1.61279
0.25041
1.48159
0.678807
1.09933
0.578294
1.4438
0.207087
1.50805
0.498973
1.34857
0.588157
1.26233
0.340946
1.54472
0.580853
1.26969
0.684305
1.23347
0.30619
1.57366
0.326562
1.49959
0.673034
0.943798
0.446101
1.69521
0.258802
1.46845
0.892261
1.10038
0.28674
1.69449
0.176267
1.40317
0.74322
1.11086
0.277346
1.71044
0.258352
1.39223
0.967882
1.27355
0.305379
1.62098
0.219277
1.30555
0.696843
1.24655
0.342037
1.36048
0.272566
1.28988
0.74889
1.43473
0.526771
1.34866
0.334185
1.38676
0.422648
1.42905
0.57576
1.13458
0.32754
1.55612
0.341965
1.50839
0.720972
1.26625
0.320475
1.70454
0.242068
1.48286
0.835131
1.13368
0.289386
1.70384
0.18789
1.41033
1.01199
1.30822
0.247243
1.72881
0.194564
1.3388
1.01522
1.19046
0.31214
1.44787
0.233309
1.15809
0.857394
1.38432
0.339307
1.2955
0.328523
1.33634
0.818028
1.23082
0.513128
1.24945
0.293979
1.34702
0.497248
1.33817
0.532152
0.991368
0.35856
1.55469
0.38523
1.3402
0.827477
1.13683
0.253753
1.64348
0.254274
1.32677
0.733665
1.08163
0.290524
1.68456
0.284139
1.29775
0.95714
1.22804
0.323719
1.69955
0.17047
1.32743
0.793949
1.23292
0.29311
1.47736
0.254283
1.30475
0.825451
1.41595
0.425408
1.38443
0.330404
1.456
0.45656
1.48139
0.581459
1.0244
0.428676
1.50244
0.392993
1.52238
0.748189
1.13816
0.423942
1.66938
0.262388
1.43423
0.872459
0.996509
0.324779
1.71552
0.163539
1.5211
0.925546
1.19329
0.362384
1.59648
0.150232
1.51907
0.810045
1.13927
0.372237
1.259
0.211376
1.44876
0.586223
1.36236
0.399466
1.16545
0.333606
1.46504
0.556097
1.33945
0.49866
1.02454
0.408889
1.39588
0.382248
1.53041
0.58521
0.874314
0.583093
1.5047
0.257988
1.53989
0.821637
0.821268
0.548926
1.4245
0.187785
1.59136
0.763085
0.818445
0.716197
1.321
0.221487
1.5642
0.798734
1.04988
0.570136
1.22691
0.237741
1.5411
0.536352
1.09529
0.530724
1.00641
0.360184
1.41634
0.633283
1.24561
0.588632
0.960294
0.444353
1.38204
0.418535
1.21553
0.683494
0.617395
0.704234
1.21174
0.457866
1.44745
0.738491
0.63838
0.853328
1.12552
0.322884
1.42385
0.868533
0.500346
0.883
0.983056
0.418318
1.5419
0.771561
0.803934
0.809468
0.91253
0.429573
1.3023
0.701273
0.709963
0.623607
0.726023
0.574536
1.18036
0.565241
1.00071
0.759373
0.585431
0.759451
1.10581
0.545059
0.949541
0.707098
0.544116
0.763839
1.08615
0.418315
1.21032
0.821178
0.439427
1.14916
0.91904
0.514237
1.16575
0.769736
0.552655
1.064
0.79416
0.497831
1.27773
0.920549
0.55355
1.09437
0.829494
0.603544
1.30774
0.812479
0.753936
0.899294
0.768496
0.540969
1.18091
0.771347
0.728402
0.798697
0.644396
0.697264
1.08023
0.832434
0.960968
0.676832
0.437327
0.960878
0.860911
0.666338
0.913146
0.693587
0.335455
1.22485
0.682431
0.710949
1.2096
0.802422
0.341804
1.2881
0.62124
0.664948
1.13368
0.781601
0.346917
1.14425
0.665481
0.689746
1.36531
0.745589
0.532824
1.26133
0.711707
0.587691
1.1822
0.737696
0.549338
0.940014
0.611119
0.711827
1.23509
0.6441
0.697943
0.957149
0.645941
0.835019
1.07245
0.636745
0.764864
0.657069
0.619887
1.08164
0.8238
0.59226
1.04082
0.758411
0.506317
1.37868
0.647244
0.821702
1.0698
0.624743
0.721401
1.13331
0.571778
0.75487
1.06728
0.649411
0.688974
1.17166
0.599696
0.805283
1.21626
0.551475
0.702479
1.16625
0.39538
0.903079
0.979766
0.697792
0.537958
1.05203
0.512745
1.13718
0.816527
0.608182
0.713046
0.91498
0.432335
1.31625
0.540281
0.74194
0.65226
0.78323
0.597523
1.44675
0.427733
0.952781
0.910903
0.874005
0.621191
1.54471
0.396476
1.09969
0.767728
0.73257
0.733843
1.40333
0.37386
1.13272
1.00503
0.707432
0.683917
1.55691
0.3836
1.17728
0.777387
0.68166
0.675581
1.22249
0.388849
1.41978
0.573037
0.915195
0.638647
1.24139
0.50049
1.49419
0.359334
1.02337
0.59185
1.032
0.507673
1.6216
0.238801
1.41484
0.529529
1.21249
0.737119
1.62482
0.183123
1.56758
0.600806
0.884408
0.66867
1.5511
0.162593
1.58338
0.564493
0.979838
0.645887
1.50259
0.274292
1.56416
0.557543
0.954003
0.540254
1.27661
0.388896
1.55827
0.315824
1.30763
0.493875
1.11432
0.761213
1.4922
0.237502
1.42341
0.443709
1.12152
0.608976
1.46536
0.228804
1.57726
0.396108
1.17543
0.792533
1.51095
0.205622
1.65883
0.432915
0.976991
0.759087
1.37491
0.216414
1.70474
0.384032
0.892704
0.871652
1.15459
0.45269
1.5187
0.460292
0.951989
0.583611
1.10597
0.605691
1.27256
0.321472
1.18655
0.574814
0.979103
0.880908
1.1524
0.420764
1.29677
0.447348
1.08475
0.846128
0.923641
0.457337
1.28274
0.45473
0.764627
1.04461
0.750476
0.630805
1.39141
0.400026
0.749378
1.1448
0.512229
0.692602
1.1465
0.510744
0.569686
1.05228
0.577299
0.944343
1.01072
0.451128
0.757276
0.910012
0.499409
1.19922
0.630107
0.673051
0.640554
0.79344
0.67667
1.35532
0.496872
0.906514
0.905669
0.932435
0.624921
1.50877
0.354966
1.11067
0.657694
0.913812
0.637494
1.34249
0.349335
1.09671
0.961313
0.922305
0.682519
1.52937
0.323567
1.21468
0.781984
0.755597
0.656522
1.24021
0.364449
1.37531
0.685659
0.947218
0.588883
1.23367
0.437532
1.55682
0.379765
1.0624
0.590452
1.01747
0.421569
1.59838
0.30177
1.31123
0.516592
1.21341
0.606621
1.61883
0.266931
1.34988
0.614191
0.994542
0.563562
1.60246
0.171703
1.56337
0.588501
1.17233
0.587664
1.48436
0.274506
1.53546
0.544645
1.02997
0.556637
1.30949
0.302654
1.59649
0.322533
1.30434
0.551696
1.09923
0.627636
1.41275
0.400689
1.17662
0.560071
0.926333
0.757871
1.18187
0.385628
1.40616
0.666618
0.719212
1.10976
0.905297
0.486786
1.21833
0.674164
0.714897
1.01116
0.69409
0.581291
1.19123
0.885839
0.619634
1.21529
0.557496
0.853687
1.05335
0.862486
0.672786
0.883049
0.412909
1.0673
0.685356
1.00913
0.638901
0.992545
0.357409
1.37362
0.492511
1.16741
0.832122
0.939665
0.236979
1.60111
0.290113
1.27852
0.86573
1.12917
0.254766
1.70914
0.232208
1.36862
0.899346
1.16003
0.317605
1.48095
0.202245
1.41645
0.614625
1.3694
0.357393
1.3648
0.284591
1.47459
0.579791
1.42213
0.438048
1.2452
0.313145
1.3649
0.353433
1.629
0.521752
0.973374
0.556853
1.529
0.328442
1.54574
0.827491
1.06857
0.433242
1.55703
0.167542
1.45216
0.853971
0.974273
0.49623
1.58057
0.172411
1.42783
0.985866
1.16601
0.508507
1.54042
0.155529
1.41461
0.801663
1.14822
0.323263
1.49
0.172379
1.36825
0.899215
1.40975
0.35128
1.42904
0.218562
1.49605
0.631699
1.31522
0.43669
1.15994
0.306213
1.37621
0.563564
1.38454
0.490724
1.21215
0.327849
1.47139
0.604333
1.2892
0.636684
1.04663
0.332054
1.46068
0.364366
1.28756
0.61122
0.934079
0.52477
1.6435
0.313533
1.17585
0.89275
1.04085
0.442955
1.59891
0.309894
1.16322
0.632482
1.00095
0.556766
1.36302
0.413986
0.977937
0.948627
0.940421
0.799039
1.33662
0.546696
0.776191
0.928332
0.572873
0.941268
1.04884
0.599793
0.66793
1.24879
0.57617
0.89009
1.25724
0.735306
0.66045
1.3092
0.332894
0.993335
0.855172
0.720905
0.588104
1.27027
0.32867
1.01373
0.890167
1.2061
0.406499
1.56235
0.259136
1.19717
0.654233
1.48824
0.357563
1.37743
0.361542
0.958695
0.579536
1.56232
0.42616
1.2539
0.481306
1.10838
0.636558
1.48735
0.88234
1.07628
0.30768
1.08032
0.524609
1.05268
0.886629
0.891183
0.17835
1.36058
0.517718
0.953928
1.21413
1.06678
0.266189
1.3571
0.654336
0.623712
1.03586
0.932537
0.293834
1.17521
0.648752
0.577501
1.35285
0.76017
0.537701
1.03348
0.899167
0.50873
1.32139
0.704224
0.758749
0.727694
1.16171
0.283356
1.48794
0.538428
0.796595
0.917902
1.02952
0.379126
1.5824
0.537718
0.966187
0.664217
1.16911
0.295546
1.62776
0.353417
1.03006
0.672866
1.22998
0.371501
1.64705
0.502761
1.08676
0.653028
1.37782
0.524398
1.41692
0.477737
0.899428
0.5662
1.15665
0.533517
1.40187
0.413361
1.0441
0.456554
1.15734
1.08199
1.13972
0.310723
1.14193
0.723619
0.596047
1.05531
1.10473
0.413218
0.81262
1.0486
0.406688
1.26958
0.937449
0.762945
0.660024
1.41718
0.243234
1.23863
0.861839
0.91563
0.522408
1.52764
0.174754
1.48626
0.843008
1.0328
0.449183
1.64212
0.177341
1.45411
1.04067
1.24069
0.317276
1.57307
0.169617
1.30681
0.701743
1.36842
0.252453
1.52247
0.305679
1.28646
0.904004
1.25416
0.436983
1.52046
0.339515
0.978043
0.914775
0.822848
0.519171
0.99476
0.512085
0.756683
1.2499
0.521351
0.74939
1.03355
0.999181
0.51668
1.47971
0.408513
0.907353
0.734361
1.4837
0.579711
1.02749
0.609483
0.793441
0.738067
1.57831
0.444892
1.01044
0.464743
1.29352
0.675943
1.03192
0.889669
0.86791
0.453405
1.08523
0.857423
0.53246
0.694169
0.644206
1.01742
0.683405
1.05732
0.430502
1.30346
0.668506
1.63059
0.746974
1.3172
0.380997
1.13489
0.490798
1.27292
0.629739
0.715449
0.376225
1.15569
0.627665
0.736269
1.04916
0.904392
0.588754
1.03461
1.15685
0.438289
1.15989
0.511348
1.17502
0.699681
1.14383
0.33384
1.23415
0.471887
1.36183
0.482647
1.30377
0.298164
1.39133
0.82554
1.2793
0.660703
1.27186
0.284126
1.12374
0.603789
0.947903
0.639773
0.887982
0.341668
0.934105
0.843495
0.632781
1.17318
0.901365
0.522845
0.818619
1.23553
0.316043
1.24513
0.739953
0.866833
0.485673
1.50037
0.237317
1.37788
0.69712
1.3032
0.290204
1.60973
0.563133
0.985825
0.719768
1.34642
0.479358
1.0968
0.753759
0.551545
0.676441
0.828215
0.780644
0.826417
0.945186
0.406737
1.20643
0.705026
1.32202
0.944971
1.14403
0.413887
1.23938
0.347078
1.23239
0.683825
0.924528
0.380681
1.27085
0.697268
0.754868
1.02879
0.9675
0.693165
1.10333
1.12426
0.43975
1.16748
0.511444
1.1388
0.587667
1.15494
0.309308
1.21365
0.717551
0.718686
1.04782
0.992711
0.77491
0.791945
1.36651
0.338846
1.22824
0.719604
1.00754
0.524702
1.14642
0.419544
0.954652
0.949207
0.614279
1.03241
0.962343
0.992873
0.525526
1.49612
0.354779
1.09367
0.701669
1.17932
0.441043
1.05986
0.585248
0.715734
1.07175
0.731611
0.996818
0.796869
0.969292
0.445154
1.5002
0.545852
1.01774
0.627801
1.46354
0.267301
1.34867
0.470647
0.712785
0.92535
1.10522
0.666358
0.9643
0.859115
0.578946
1.26796
0.757077
1.09031
0.685419
1.14429
0.288823
1.58195
0.320828
0.959729
0.698682
1.40016
0.248108
1.5618
0.620839
0.913627
0.768759
1.62643
0.382385
1.2722
0.653863
0.560756
0.695717
1.34763
0.496967
0.932749
0.508594
0.679403
0.996332
0.972769
1.07474
0.702705
0.847065
0.544034
1.34863
0.492881
0.925823
0.628911
1.02923
0.435195
1.52091
0.433214
1.1785
0.576749
1.2264
0.79425
1.13979
0.667288
0.690125
0.576704
1.11732
0.676873
0.961099
0.358775
0.945258
0.89298
0.586104
1.4412
0.70303
0.63402
0.952715
1.33666
0.476996
1.13239
0.60355
1.23582
0.437716
1.50393
0.291114
1.13545
0.511482
0.883695
0.91823
1.16235
0.458163
0.93402
0.902771
0.629305
1.3333
0.965048
0.84767
0.458625
1.42599
0.273837
1.40158
0.66092
0.777224
0.757055
1.51103
0.385616
1.34306
0.716688
1.08002
0.78689
1.55239
0.397351
1.05462
0.906491
0.396127
1.15502
1.13786
0.46756
0.717024
1.31288
0.259595
1.35734
1.19462
1.1318
0.315804
1.50876
0.210348
1.36735
0.841679
1.0308
0.342961
1.29846
0.307223
1.18574
0.915809
0.851928
0.57678
1.13017
0.778483
0.801213
1.33604
0.276983
0.918102
0.954152
1.23784
0.491602
1.31099
0.433437
0.758958
0.74969
1.70517
0.463643
1.05564
0.613961
1.17616
0.681684
1.44035
0.883902
0.902497
0.43642
1.08771
0.80239
0.848686
0.773296
0.599567
0.569248
1.04774
0.921624
0.594397
1.28915
0.460634
0.976559
1.13662
1.05608
0.364941
1.37892
0.179193
1.09461
1.11885
1.14954
0.194386
1.64251
0.222208
0.947821
1.22278
1.44773
0.20713
1.48459
0.537683
0.727533
1.03209
1.32266
0.426325
1.06573
0.671556
0.565832
1.2157
0.881141
0.735269
0.651792
0.728513
0.527409
1.2561
0.670798
1.13189
0.510071
0.841177
0.530823
1.40588
0.464147
1.2223
0.588441
0.940431
0.70826
1.46994
0.367357
1.29916
0.516921
1.04902
0.782107
1.53353
0.226755
1.42962
0.613347
0.931347
0.708485
1.53766
0.177186
1.49395
0.726352
0.9145
0.713001
1.50074
0.257818
1.33726
0.788984
0.604533
0.774112
1.36727
0.357524
1.20263
0.87836
0.561457
0.677588
1.11944
0.60658
1.01905
0.870476
0.523548
0.744693
0.884619
0.605585
1.03385
0.716473
0.553941
0.850076
0.657146
0.7279
1.03838
0.818482
0.403931
1.12451
0.641434
0.791635
1.06481
0.825032
0.458016
1.18453
0.482296
0.908725
0.856124
0.938571
0.453126
1.46217
0.324923
1.10194
1.08745
1.22609
0.295141
1.60785
0.2207
0.943641
0.931236
1.30327
0.242602
1.65756
0.302242
0.944917
1.03466
1.52156
0.260856
1.59437
0.548895
0.782097
0.812843
1.51287
0.404522
1.15241
0.525365
0.651431
0.944789
1.0947
0.585532
0.937847
0.51134
0.710161
1.00137
0.851314
1.09272
0.657712
0.709314
0.622276
1.29616
0.346187
1.22287
0.659939
0.748737
0.671314
1.48132
0.411267
1.44041
0.624671
1.22848
0.640348
1.57205
0.280004
1.26629
0.611863
0.978103
0.477004
1.55855
0.197061
1.33763
0.778634
1.0418
0.593105
1.50794
0.325791
0.99767
0.844795
0.736804
0.617046
1.24711
0.406156
0.838404
0.999738
0.566353
0.880847
1.1014
0.606648
0.732588
1.37758
0.285177
1.20029
1.03425
0.920123
0.383286
1.52709
0.142704
1.14301
0.885968
1.30605
0.243766
1.71168
0.29038
1.24002
1.07279
1.46894
0.381658
1.43132
0.441195
0.768431
0.743464
1.18461
0.378285
0.976647
0.538937
0.793129
1.20707
0.743867
0.939942
0.90262
0.631963
0.765125
1.22001
0.449175
0.86674
0.635774
0.827482
0.586169
1.39911
0.307436
1.40304
0.656238
1.20217
0.630944
1.63254
0.305061
1.17102
0.538942
1.31405
0.385308
1.53164
0.263109
1.17907
0.523087
1.08837
0.764123
1.51336
0.31749
1.16427
0.841919
0.76859
0.765559
1.47963
0.239104
1.13287
0.806092
0.613798
0.813911
1.28995
0.39026
1.0496
1.05836
0.35857
0.950799
1.29136
0.582937
0.803382
1.09128
0.248592
1.05541
0.910307
0.863364
0.634243
1.28613
0.25642
1.20452
1.00686
1.25321
0.450331
1.29714
0.239309
1.12843
0.597908
1.48365
0.41817
1.05678
0.355373
1.27812
0.675345
1.62557
0.724582
1.1555
0.332886
1.4185
0.312353
1.47683
0.702826
0.966293
0.274001
1.534
0.368555
1.24811
0.966229
1.20771
0.189685
1.57883
0.441429
0.947145
1.00248
0.996645
0.257792
1.10827
0.734218
0.537427
1.36577
0.815271
0.533996
1.0354
1.10294
0.38406
1.47766
0.684054
0.905821
0.720119
1.17732
0.259291
1.60948
0.414646
0.898975
0.772297
1.29529
0.267888
1.65798
0.62087
0.934252
0.739588
1.52661
0.350276
1.35429
0.562172
0.581504
0.777867
1.15583
0.497967
1.06451
0.612226
0.585977
0.983513
0.983723
1.12989
0.745478
0.935025
0.375194
1.26401
0.40579
1.27656
0.556212
1.03527
0.301966
1.50261
0.487729
1.45499
0.677558
1.29731
0.294812
1.53371
0.526172
1.26305
0.665551
1.09829
0.263867
1.41938
0.494551
1.24903
0.682577
1.10379
0.289114
1.51688
0.50815
0.911509
0.960821
0.883515
0.328867
1.20773
0.723018
0.51694
1.11652
0.762906
0.646558
1.00661
1.07743
0.454938
1.48415
0.516304
1.24512
0.757948
1.27221
0.254514
1.42982
0.329262
1.10984
0.645666
1.36605
0.1846
1.43153
0.747312
0.913688
0.926811
1.39724
0.380384
1.02506
0.938888
0.350094
0.95796
0.972866
0.585123
0.703098
1.2134
0.259143
1.27988
0.930186
1.21831
0.608069
1.45907
0.219798
1.25849
0.55361
1.41546
0.313215
1.31454
0.315045
1.22878
0.703619
1.42273
0.602682
1.41285
0.394789
1.04537
0.837956
0.964071
0.772822
0.920112
0.395465
0.755776
0.921761
0.53625
1.1633
0.753248
0.617016
0.632462
1.42183
0.376811
1.3581
0.783973
1.03149
0.405942
1.59314
0.200887
1.26468
0.703057
1.05887
0.440986
1.57512
0.385728
1.11952
0.97846
1.16766
0.572301
1.4183
0.470457
0.816922
0.805151
0.557909
0.923767
0.687077
0.794713
0.456255
1.46389
0.424107
1.46004
0.952263
1.27091
0.292218
1.60839
0.343823
1.09594
0.739365
1.17563
0.232056
1.45355
0.543421
0.858448
1.03827
1.08919
0.499335
1.3247
0.792538
0.531907
1.07235
0.578839
0.90639
0.806765
0.983071
0.341374
1.46904
0.486871
1.09312
0.926951
1.2835
0.287999
1.67829
0.386502
1.21486
0.784029
1.49939
0.171119
1.60695
0.39267
0.836397
0.907778
1.43621
0.296964
1.33974
0.787487
0.61475
0.87707
1.40865
0.575116
0.878489
0.904603
0.31172
0.860929
0.860462
0.820597
0.755683
0.856093
0.360113
1.10871
0.850598
1.34836
0.696677
0.977947
0.393101
1.24973
0.352363
1.60246
0.599591
0.779364
0.465375
1.49426
0.384543
1.53864
0.905335
1.16372
0.283784
1.65611
0.281217
1.25344
0.838201
0.982953
0.212171
1.53547
0.409077
0.928383
1.11809
1.04044
0.408731
1.48752
0.586205
0.756773
1.12516
0.6883
0.642676
1.06283
0.612717
0.576271
1.32714
0.512367
0.873944
0.955762
0.94492
0.434838
1.60922
0.351472
1.17286
0.785332
1.28207
0.263795
1.71877
0.25807
0.998933
0.780414
1.38574
0.275713
1.67121
0.50619
1.05306
0.679191
1.53837
0.398494
1.478
0.531372
0.761987
0.570914
1.17328
0.450636
1.39331
0.38265
0.867208
0.645501
1.09733
0.757843
1.31844
0.428695
0.732603
0.814661
0.587053
0.868751
1.14058
0.462815
0.75984
1.11597
0.447097
1.25977
1.12036
0.815697
0.57953
1.46005
0.176712
1.35234
1.02777
0.880099
0.296322
1.63055
0.153359
1.21978
1.06649
1.39772
0.249005
1.65161
0.244593
1.22876
0.885623
1.37093
0.359531
1.30046
0.36558
0.934522
0.777675
1.30357
0.462683
1.19368
0.418823
1.09228
0.898665
0.961416
0.865642
0.932781
0.439993
0.896862
1.03241
0.450487
0.92587
0.756881
0.60964
0.72462
1.31412
0.422926
1.30184
0.770828
1.05124
0.548258
1.5089
0.264387
1.13743
0.689547
1.05538
0.417222
1.63356
0.250861
1.45141
0.741641
1.28359
0.56148
1.65336
0.236505
1.17064
0.67847
0.990533
0.374214
1.49684
0.267278
1.07813
0.836222
0.895851
0.747709
1.3733
0.518791
0.919697
1.16675
0.402443
0.999667
1.10582
0.660363
0.516418
1.37828
0.226124
1.02978
0.974139
1.17585
0.367758
1.66094
0.254972
1.17736
0.796373
1.43974
0.329973
1.42452
0.349306
0.954077
0.673309
1.46427
0.427075
1.46035
0.319319
1.1448
0.703517
1.41701
0.654224
1.29732
0.297773
0.969684
0.62197
0.847918
0.700541
0.989758
0.388686
0.845936
0.90632
0.699569
1.24426
0.964752
0.66596
0.650869
1.25059
0.299861
1.28337
0.871696
0.626608
0.585949
1.45912
0.25384
1.46919
1.00312
1.0675
0.455662
1.60854
0.143353
1.38114
0.860372
1.08545
0.278516
1.58898
0.150501
1.36755
0.860238
1.42187
0.355072
1.6063
0.275115
1.32017
0.740696
1.25244
0.421509
1.34932
0.34416
1.03242
0.767135
1.11087
0.508291
1.27575
0.371459
1.04308
0.941036
0.994367
0.715661
1.01073
0.34277
0.917088
0.864586
0.66745
0.754822
0.870272
0.37032
1.038
0.974326
0.576571
1.25217
0.762139
0.638293
0.911835
1.10108
0.338832
1.264
0.71885
0.745942
0.681107
1.34286
0.313097
1.58158
0.638591
1.28583
0.655346
1.46093
0.177936
1.48771
0.479609
1.11385
0.479152
1.43425
0.170779
1.52992
0.678242
1.2889
0.639325
1.52459
0.236903
1.38065
0.624801
0.94112
0.579579
1.28741
0.26508
1.34706
0.692023
0.870366
0.732499
1.28604
0.410161
1.21713
0.871959
0.564714
0.811777
0.930961
0.527375
0.815194
1.05931
0.349956
0.934253
0.807595
0.932052
0.799037
1.30329
0.347621
1.21218
0.57819
1.2475
0.689125
1.13607
0.303353
1.2528
0.461983
1.26517
0.718085
1.33566
0.236157
1.59514
0.373471
1.41226
0.845355
1.47178
0.149054
1.63323
0.311359
0.991689
0.806422
1.45994
0.175222
1.53713
0.580061
0.920669
0.887305
1.5547
0.298848
1.23135
0.809769
0.475236
0.81004
1.23241
0.400518
1.0582
0.882908
0.451337
0.914126
1.16676
0.877269
0.839092
0.873175
0.312523
1.01609
0.623236
1.09584
0.590812
0.874377
0.37003
1.22576
0.597941
1.55539
0.696821
1.16271
0.359085
1.48848
0.337571
1.557
0.710924
1.05987
0.298123
1.46959
0.32067
1.43009
0.786115
1.28778
0.195101
1.66653
0.364064
1.30038
0.896523
1.23867
0.151845
1.60114
0.32432
0.940885
0.91515
1.25333
0.210525
1.53359
0.51652
0.812914
1.15203
1.16697
0.409074
1.19565
0.729346
0.499919
1.05801
0.967929
0.571974
0.803517
0.913402
0.472904
1.38137
0.759621
1.18913
0.655041
1.00752
0.335185
1.50839
0.412759
1.08734
0.590429
0.974765
0.353215
1.59585
0.417072
1.3688
0.731802
1.2234
0.414693
1.6369
0.322728
1.11172
0.689742
1.17076
0.25141
1.62404
0.359667
1.00428
0.77318
1.23626
0.440536
1.46488
0.547546
0.76054
0.852709
0.874249
0.627564
0.962804
0.765061
0.478823
1.02035
0.678896
0.956905
0.933058
1.11835
0.380646
1.50264
0.463734
1.27706
0.902107
1.13243
0.243178
1.4749
0.292573
1.13622
0.758027
1.33135
0.17146
1.61797
0.455273
1.05392
1.08224
1.40724
0.27847
1.38463
0.62912
0.53175
0.996183
1.23839
0.379016
0.969987
0.798011
0.543049
1.17998
1.00318
0.984014
0.732426
1.0149
0.293373
1.3069
0.542741
1.05278
0.497203
0.944139
0.354545
1.40553
0.61663
1.40614
0.586052
1.16493
0.388775
1.51159
0.515636
1.2127
0.656685
0.956357
0.358577
1.54733
0.370637
1.14162
0.663934
1.05525
0.474514
1.61649
0.393818
1.02146
0.880485
0.807815
0.563102
1.3565
0.458391
0.893702
0.908971
0.71974
0.746893
1.17441
0.686697
0.724412
1.37062
0.368867
1.03705
1.09923
0.722318
0.437121
1.43087
0.248626
1.03486
0.88699
1.09086
0.322806
1.68609
0.230514
1.23427
0.911709
1.31878
0.324598
1.54683
0.289578
0.963879
0.688786
1.44656
0.341395
1.49209
0.377636
1.22508
0.628699
1.60405
0.589645
1.47114
0.325024
0.970769
0.460081
1.1948
0.547448
1.12687
0.341424
0.877909
0.739703
0.91413
1.11442
1.02998
0.578162
0.680613
1.18579
0.406917
1.17303
0.849319
0.630826
0.579966
1.41186
0.252839
1.54111
0.8141
1.07935
0.466722
1.70418
0.22241
1.34469
0.906838
1.08272
0.256662
1.58474
0.28052
1.05785
0.878097
1.0734
0.460853
1.35375
0.545541
0.86096
1.17361
0.682203
0.880113
1.01272
0.749053
0.414681
1.33657
0.348663
0.984158
0.761824
1.10918
0.292999
1.69594
0.396064
1.24242
0.843632
1.42747
0.240727
1.50463
0.508429
0.740226
0.715688
1.26644
0.324717
1.38008
0.641147
0.635522
0.915525
1.21366
0.729898
1.00449
0.810392
0.398337
0.99852
0.597673
1.072
0.528461
1.08238
0.287493
1.3982
0.595153
1.52324
0.729813
1.41208
0.314237
1.41291
0.516509
1.16195
0.677564
1.14053
0.268504
1.13353
0.782348
0.74676
0.82374
0.996654
0.517277
0.887989
1.20228
0.371959
1.13736
0.689585
1.02875
0.476644
1.38332
0.277561
1.18301
0.62691
1.21256
0.581637
1.47467
0.344946
1.18597
0.685531
1.20957
0.825751
1.16767
0.385967
0.86241
0.812987
0.400602
1.26528
0.710536
0.638592
0.62559
1.50005
0.350495
1.44634
0.872003
1.25115
0.419756
1.57995
0.318345
1.10707
0.608189
0.915537
0.446962
1.35255
0.464872
0.863113
1.19504
0.626328
0.896832
1.40567
0.657859
0.643703
1.25271
0.19397
1.14062
0.99099
0.847245
0.370963
1.54467
0.213006
1.19747
1.21364
1.39254
0.348165
1.57559
0.216601
1.18456
0.705509
1.40375
0.286045
1.13174
0.412707
1.10906
0.887941
1.17097
0.592968
1.27907
0.448323
1.07502
0.894451
0.81823
0.725931
0.758023
0.422825
0.968622
0.939323
0.542803
0.930369
0.77406
0.690995
0.91892
1.17034
0.456394
1.09779
0.482609
1.1086
0.741539
1.1206
0.30132
1.3215
0.452333
1.16467
0.942882
1.25705
0.291301
1.56727
0.256794
1.32979
0.915696
1.33159
0.156813
1.67339
0.283907
1.03598
0.938054
1.38995
0.135305
1.63479
0.434324
0.973816
1.03887
1.44725
0.268811
1.23639
0.683801
0.574674
1.04983
1.24002
0.377044
1.10392
0.746023
0.58591
1.04546
1.19647
0.799244
0.790783
0.624826
0.515758
1.12052
0.63187
0.856373
0.650212
0.492142
0.717778
1.20657
0.554979
1.3989
0.642084
0.834424
0.695033
1.4186
0.279139
1.31091
0.645382
0.911255
0.530162
1.56821
0.267026
1.49821
0.537681
1.32042
0.708143
1.60648
0.305709
1.21979
0.643644
0.788141
0.698254
1.40602
0.254048
1.12701
0.886031
0.677448
0.882158
1.38555
0.493081
0.913965
1.19005
0.288897
0.851369
1.23237
0.613497
0.712413
1.10666
0.271344
0.932375
0.968658
0.988338
0.714309
1.21853
0.292522
1.19509
0.746738
1.22491
0.464325
1.28167
0.291785
1.08297
0.5983
1.49229
0.415248
1.38219
0.298725
1.40638
0.710608
1.54544
0.736722
1.26687
0.290548
1.1234
0.528288
1.02139
0.613218
0.853568
0.391565
1.11713
0.908123
0.667301
1.23219
0.800279
0.64704
1.18546
0.92592
0.525815
0.957881
0.44824
1.12337
0.654013
1.12302
0.324509
1.55587
0.322219
1.33713
1.1731
1.33854
0.235602
1.67515
0.31717
0.987688
0.882093
1.40573
0.176256
1.31664
0.528648
0.744557
1.20204
1.18744
0.498039
1.1009
0.958114
0.402513
1.18653
0.919723
0.779976
0.643093
1.04625
0.277146
1.3831
0.674205
1.08023
0.551332
0.992631
0.342692
1.42918
0.738911
1.24741
0.525229
1.07951
0.336312
1.52548
0.362405
1.44323
0.532918
0.916053
0.455127
1.59811
0.389449
1.2842
0.716988
1.28682
0.320479
1.60008
0.396908
1.04466
0.630327
1.02995
0.337472
1.4587
0.488598
0.85134
0.750152
1.07229
0.664607
1.3448
0.638264
0.651735
0.954411
0.557063
0.944008
1.13588
0.578605
0.679264
1.11538
0.441083
1.23273
1.07324
0.872528
0.505899
1.52526
0.178208
1.30581
1.10075
1.04253
0.29061
1.57662
0.215514
1.11039
0.861133
1.40558
0.215901
1.62473
0.271072
1.15582
0.803255
1.63716
0.391246
1.44917
0.389697
0.90825
0.618368
1.60559
0.468119
1.15461
0.401579
1.09682
0.477807
1.4498
0.931455
1.09027
0.250476
1.39984
0.354978
1.11785
0.989247
1.23375
0.140771
1.5644
0.38366
0.9608
1.22869
1.34476
0.255103
1.46163
0.528396
0.776853
0.936353
1.3618
0.305518
1.15699
0.63154
0.717016
1.05096
1.31141
0.47103
1.17634
0.62272
0.653173
0.914752
1.24452
0.583417
0.866635
0.482078
0.694151
0.809126
0.953627
0.886666
0.926192
0.3928
0.877328
0.846572
0.752533
1.10444
0.826867
0.365704
0.908572
0.845895
0.455429
1.4855
0.802236
0.441835
0.919943
1.1386
0.403356
1.50249
0.865603
0.784047
0.689047
1.311
0.238414
1.53784
0.613367
0.730617
0.882306
1.27624
0.301676
1.69686
0.516281
1.05351
0.75965
1.42696
0.389109
1.4597
0.517482
0.755919
0.705201
1.52098
0.377535
1.45766
0.344939
1.14767
0.631405
1.45507
0.727924
1.20846
0.400503
0.93869
0.56316
1.03974
0.618478
1.03744
0.350989
0.936022
0.743606
0.814684
1.12616
1.041
0.397694
1.01723
0.878387
0.588586
1.00425
1.02596
0.459803
0.836766
1.04721
0.381124
1.37494
0.929628
0.61262
0.951312
1.21425
0.276347
1.34877
0.82707
0.928894
0.573809
1.38894
0.26787
1.49697
0.610681
1.03728
0.654574
1.49643
0.256592
1.62614
0.790476
0.934741
0.65575
1.61093
0.281726
1.26507
0.665033
0.515063
0.947448
1.32368
0.487675
0.914935
0.892393
0.530229
1.17803
1.07302
1.09465
0.547542
1.0203
0.392102
1.49869
0.449893
0.771422
0.671019
1.26546
0.374237
1.46581
0.529286
1.00767
0.772108
1.49996
0.783072
0.994917
0.630781
0.549432
0.99771
0.694444
0.729602
0.637064
0.757267
0.588451
1.44325
0.4749
1.26151
0.719867
1.28756
0.66873
1.36933
0.528952
0.689167
0.576606
1.13039
0.510843
0.905304
0.481211
0.787548
1.12616
0.641975
1.34995
0.792346
0.935773
0.676166
1.45084
0.429198
0.945555
0.581331
1.22325
0.300887
1.30179
0.412873
0.831188
0.897814
0.839097
1.2037
0.926567
0.896283
0.633377
1.41619
0.399488
1.10802
0.735257
1.20418
0.213321
1.50517
0.373861
0.913786
0.942491
0.976453
0.862665
1.04792
0.966999
0.569367
1.38014
0.447223
1.05882
0.741781
1.19604
0.240082
1.51921
0.379309
0.947767
1.05037
1.07104
0.712613
1.03103
1.05693
0.476318
1.37871
0.51049
0.958218
0.69242
1.20739
0.279555
1.41722
0.499049
0.858206
1.07443
1.10251
0.848609
0.844895
1.20074
0.390117
1.40571
0.553794
0.907254
0.660231
1.21376
0.310481
1.27625
0.691763
0.713429
0.986725
1.15469
1.05505
0.63809
1.32958
0.330519
1.38266
0.616791
0.985219
0.583639
1.15945
0.362224
1.14456
0.842915
0.647332
0.83352
1.18828
1.07018
0.560629
1.42902
0.285028
1.2465
0.706421
1.27484
0.455331
1.09268
0.44408
0.937523
0.875472
0.798169
0.673516
1.03443
0.915741
0.579263
1.51617
0.346588
1.05854
0.729826
1.5201
0.463917
1.06623
0.570303
0.707136
0.793442
1.1665
0.507389
0.911321
0.706242
0.759572
1.31301
0.512827
1.03763
0.689109
1.22007
0.689468
1.05764
0.568318
0.741271
0.555701
1.62619
0.466515
0.971669
0.442336
1.33334
0.653934
1.18132
0.97083
0.904021
0.409378
1.22991
0.774086
0.618431
0.788456
0.655363
0.773572
0.833722
1.02805
0.40812
1.41528
0.552255
1.36065
0.955434
1.30678
0.291052
1.3256
0.290827
1.41056
0.608547
1.18202
0.231537
1.43607
0.398351
1.10234
1.14219
1.32426
0.224317
1.48943
0.500817
0.810586
0.822862
1.24624
0.268595
1.16614
0.695894
0.555136
1.15383
1.01816
0.641384
1.10455
0.936148
0.378329
1.25905
0.646344
0.987397
0.716433
1.1019
0.326296
1.44283
0.472595
1.14478
0.811304
1.37238
0.264152
1.65683
0.444481
1.06778
0.855198
1.42735
0.244534
1.19733
0.660076
0.540026
1.13394
1.05583
0.576048
0.953001
1.00282
0.512082
1.43977
0.756325
1.15458
0.594819
1.21662
0.287009
1.59259
0.391084
0.888625
0.711491
1.31614
0.365891
1.41537
0.662888
0.823427
0.84602
1.40578
0.771591
0.878826
0.674788
0.444986
1.00473
0.570126
0.94209
0.592547
0.720981
0.505514
1.46714
0.536102
1.35037
0.685636
1.1837
0.467509
1.52642
0.372125
1.00312
0.605973
1.01462
0.377913
1.51335
0.388077
0.967072
0.610159
1.18302
0.83126
1.33985
0.4638
0.897889
0.824728
0.548708
1.03969
1.09697
0.437673
0.859598
1.02742
0.5087
1.27069
1.10334
0.829461
0.596074
1.42155
0.233317
1.22952
0.867005
0.840951
0.359736
1.5008
0.228549
1.46773
0.787568
1.17444
0.45308
1.58764
0.273297
1.34402
0.852946
1.02345
0.446487
1.50167
0.229154
1.36378
0.629332
0.974258
0.628908
1.34288
0.454092
1.1813
1.05314
0.496973
0.766507
1.39972
0.540334
0.911385
0.936156
0.379678
0.793766
0.840729
0.870512
0.741862
1.01199
0.432885
1.0663
0.78118
1.27365
0.671839
1.02754
0.361779
1.03922
0.400572
1.51302
0.647413
0.881986
0.374905
1.50307
0.34455
1.60854
1.07145
0.98711
0.378486
1.56543
0.144224
1.47812
0.91849
1.03167
0.273963
1.65463
0.180034
1.34152
1.12619
1.40823
0.284909
1.65821
0.204182
1.3096
0.692424
1.38267
0.333046
1.29642
0.325767
1.1337
0.863634
1.36766
0.467497
1.4024
0.347142
1.18212
0.814214
1.2055
0.569737
1.02673
0.363062
1.16248
0.695849
1.1771
0.664144
0.984237
0.301435
1.35314
0.551371
1.01279
0.924605
0.817419
0.259661
1.31082
0.636669
0.691212
1.04493
0.84146
0.34157
1.23338
0.814897
0.636146
1.35359
0.631093
0.737222
0.914054
0.992962
0.349473
1.40867
0.471035
0.757879
0.845642
1.30828
0.283409
1.68556
0.371989
1.08382
1.01862
1.41105
0.364376
1.50791
0.508896
0.686814
0.726773
1.56875
0.296225
1.32616
0.410927
1.04431
0.782709
1.39009
0.679759
1.23377
0.446367
0.833467
0.868091
0.90812
0.684
0.795651
0.625178
0.541366
1.14029
0.475789
1.05683
0.718325
0.927839
0.401481
1.44523
0.577836
1.28432
0.664175
1.14208
0.373913
1.47885
0.33838
1.4114
0.661318
1.01981
0.43698
1.57643
0.391411
1.42021
0.929729
1.20413
0.242362
1.61473
0.37864
1.06144
0.87614
1.03002
0.221525
1.36674
0.543417
0.818532
0.994204
0.934335
0.471227
1.05517
1.00168
0.526981
1.16074
0.6082
0.896454
0.615144
1.24159
0.334235
1.28609
0.538283
0.869742
0.693827
1.36328
0.307532
1.46527
0.461758
1.30852
0.929216
1.53233
0.223287
1.39429
0.474189
0.673862
0.964282
1.25831
0.231029
1.29855
0.703728
0.695492
1.29321
1.03584
0.689045
0.888582
1.04533
0.29326
1.29197
0.652597
0.927502
0.428471
1.21902
0.315716
1.43661
0.532945
1.37837
0.560196
1.4966
0.277857
1.45675
0.566819
1.2942
0.568942
1.49606
0.167708
1.38771
0.486831
1.25212
0.567317
1.35848
0.329008
1.32853
0.778088
1.13968
0.727774
1.37238
0.274352
1.24883
0.652023
0.75965
0.741308
0.86172
0.432401
1.05451
0.907438
0.606027
1.1644
0.916434
0.8449
0.684854
1.30538
0.300333
1.06816
0.535157
1.19621
0.356463
1.44458
0.240353
1.33165
0.625451
1.45917
0.631475
1.46774
0.40206
1.03312
0.551947
1.27722
0.626835
1.30811
0.247314
1.07714
0.555608
0.947969
0.950341
1.13658
0.312263
1.06816
0.83013
0.784391
1.11597
1.18823
0.474299
0.895826
0.913148
0.402365
1.28245
0.830973
0.560304
0.768133
1.17315
0.43263
1.35846
0.919363
0.963745
0.462276
1.46311
0.274781
1.333
0.721609
0.893655
0.369596
1.56254
0.219483
1.44167
0.785412
1.2554
0.522921
1.60591
0.296801
1.28615
0.821865
0.973845
0.551164
1.46522
0.280985
1.27293
0.687548
1.03689
0.603786
1.21253
0.442824
1.12651
1.0464
0.618012
0.86938
1.07951
0.545609
0.777181
1.11192
0.462604
0.826872
0.770022
0.711334
0.687346
1.33013
0.416955
1.06136
0.702202
0.959973
0.640822
1.30755
0.415304
1.03115
0.504954
0.98159
0.629025
1.26736
0.343864
1.43706
0.47531
1.05354
0.863925
1.34936
0.269623
1.41951
0.370307
1.28229
0.553067
1.45237
0.21097
1.46445
0.361727
1.23379
0.698615
1.49468
0.280408
1.40141
0.436532
1.28725
0.839909
1.60144
0.178063
1.44102
0.470203
0.875415
0.917485
1.5887
0.190282
1.52853
0.609162
0.900135
0.850599
1.61333
0.338057
1.39711
0.668997
0.665127
0.787283
1.40188
0.345358
1.401
0.590029
0.809599
0.698273
1.25331
0.626442
1.15635
0.633223
0.671607
0.695578
0.893556
0.632028
1.05266
0.567702
0.599391
0.80757
0.6832
1.00575
1.08884
0.492374
0.723502
1.04579
0.525268
1.04933
1.0978
0.468707
0.760327
1.02288
0.362112
1.18507
1.0232
0.602118
0.650372
1.3313
0.256379
1.34226
1.11939
0.791833
0.462688
1.41734
0.156744
1.29971
0.971174
0.983588
0.357984
1.64425
0.160617
1.20601
1.26612
1.1888
0.385229
1.45331
0.175248
1.18542
0.782639
1.38564
0.311189
1.12641
0.338574
1.25509
0.86122
1.42264
0.473059
1.31265
0.336272
1.46004
0.602713
1.103
0.605983
1.06802
0.311756
1.30981
0.607849
0.949484
0.549957
1.12587
0.472438
1.34299
0.63251
0.716476
0.745074
0.952383
0.422617
1.24173
0.586101
0.631682
0.767292
0.871195
0.58251
1.26738
0.707871
0.554348
1.09927
0.755677
0.704532
1.25772
0.647275
0.633887
0.988445
0.467811
1.10702
0.821221
0.81317
0.488991
1.53358
0.309517
1.45916
1.19295
1.12104
0.320105
1.55732
0.220906
1.25933
0.78698
1.08862
0.196275
1.54198
0.36409
1.07849
1.13668
1.08078
0.494033
1.50748
0.63096
0.759851
1.07986
0.514625
0.818085
1.00339
0.598381
0.631713
1.34344
0.36946
1.17873
0.931667
1.02678
0.442856
1.61303
0.252049
1.31315
0.853232
1.17282
0.2505
1.6432
0.173595
1.23708
0.778272
1.36133
0.260212
1.60711
0.354266
1.18013
0.843886
1.36569
0.327032
1.46154
0.440315
0.850566
0.730886
1.12242
0.437954
1.14813
0.535247
0.793078
1.21374
0.785038
0.936243
0.984381
0.888789
0.420018
1.44083
0.337794
0.893692
0.737977
1.08296
0.361833
1.588
0.382938
1.22107
0.899279
1.47195
0.508582
1.45172
0.467293
0.725829
0.690965
0.996847
0.501158
0.868599
0.628033
0.685572
1.27983
0.572001
1.19387
0.91643
0.969392
0.642876
1.42768
0.383549
0.999503
0.602754
1.26602
0.271573
1.48829
0.297783
1.0928
0.718098
1.13155
0.759647
1.29051
0.534123
0.9104
1.04893
0.642432
0.891192
1.01828
0.705257
0.535048
1.29438
0.294795
1.09755
0.868156
1.00365
0.438761
1.6475
0.315482
1.29287
0.825431
1.35274
0.249616
1.6445
0.332042
1.07087
0.735071
1.16223
0.304373
1.57222
0.404088
1.05627
0.956417
1.29938
0.396506
1.33824
0.564347
0.591286
0.974489
0.809106
0.542395
0.750764
0.976735
0.369016
1.47796
0.553959
1.27641
0.843753
1.29464
0.398164
1.54914
0.504405
0.960246
0.768179
1.28562
0.238048
1.40246
0.558451
0.762946
0.969235
0.887014
0.8218
0.845862
1.15457
0.476523
1.32221
0.543917
1.22122
0.629652
1.21174
0.311062
1.2987
0.495972
0.886987
0.977004
0.920296
0.641384
0.889638
1.26147
0.467529
1.24845
0.571563
1.18321
0.553344
1.18371
0.367858
1.12126
0.691297
0.717246
1.07292
0.971666
0.830513
0.723173
1.45223
0.343582
1.2969
0.681121
1.03714
0.478936
1.20866
0.384399
1.04762
0.847245
0.682838
0.912937
1.19244
0.837855
0.645526
1.42573
0.244595
1.28391
0.85047
1.06025
0.342047
1.36922
0.298225
1.19234
0.834486
0.997323
0.552404
1.36222
0.456596
1.05399
1.15071
0.337234
0.911269
1.24258
0.604164
0.53572
1.26049
0.184917
1.15226
0.952181
1.21519
0.485287
1.23719
0.331029
1.3526
0.877394
1.04289
0.527462
1.16259
0.340147
1.53478
0.42759
1.3385
0.513022
0.951134
0.675656
1.45107
0.525167
0.955152
0.509461
1.31458
0.47081
1.36165
0.336755
1.01214
0.503963
0.888203
0.913235
1.1683
0.412913
1.0626
0.728519
0.888312
1.09913
0.929397
0.570624
0.738756
1.10508
0.366951
1.35869
0.809566
0.560097
0.948647
1.19469
0.448732
1.47757
0.579258
1.0775
0.901802
1.15093
0.218524
1.52734
0.377045
1.00163
0.803799
1.35436
0.19989
1.67198
0.273094
1.21759
1.10977
1.43183
0.233417
1.54702
0.379864
0.799358
0.846108
1.6234
0.299184
1.27136
0.461969
1.1072
0.950564
1.45465
0.662376
1.11361
0.466192
0.92213
0.817699
0.976756
0.632514
0.733272
0.513324
1.04755
0.907616
0.772936
1.06051
0.694277
0.722006
1.16388
0.840131
0.704442
0.8846
0.411634
1.15881
0.964462
0.664416
0.53048
1.50216
0.244597
1.36155
1.40903
0.924573
0.420355
1.48671
0.187893
1.42872
0.884565
0.929362
0.424531
1.46302
0.222496
1.516
0.912581
1.17143
0.521421
1.52325
0.308452
1.42936
0.663095
0.648249
0.787949
1.34338
0.31532
1.28894
0.714634
0.689272
0.75627
1.36775
0.723854
0.911147
0.795893
0.443256
0.909218
0.944874
0.665387
0.723959
0.713736
0.436816
1.11992
0.744544
1.13856
0.694575
0.791357
0.553821
1.25494
0.566255
1.1486
0.708222
0.705962
0.676437
1.30502
0.385113
1.56774
0.68969
0.725661
0.964604
1.34369
0.277791
1.44368
0.590613
1.00242
0.595568
1.44226
0.254416
1.60172
0.362563
1.04414
1.09147
1.51656
0.23749
1.61476
0.51631
0.770125
0.839326
1.61094
0.314794
0.953653
0.748161
0.638589
1.18164
1.06092
0.647115
1.11903
0.834526
0.648864
1.36732
0.658353
0.900244
0.59856
0.976399
0.489582
1.33431
0.414319
0.820732
0.761282
1.46361
0.463346
1.38987
0.406761
1.14565
0.791381
1.49031
0.68052
1.1488
0.401483
0.968481
0.815532
0.820245
0.590913
0.822946
0.697578
0.943648
1.09481
0.48591
1.06731
0.828414
1.09695
0.769998
1.02241
0.496662
0.87884
0.42343
1.59796
0.501079
0.888177
0.505761
1.43115
0.488514
1.55902
0.748791
1.25283
0.34867
1.5205
0.372423
1.2755
0.616566
0.919749
0.565463
1.5355
0.433053
1.20859
0.692606
1.13659
0.761516
1.5731
0.357153
1.21992
0.656397
0.617335
1.07645
1.30469
0.24791
1.18257
0.888773
0.562361
1.27063
1.37188
0.605355
0.78032
1.08413
0.322009
1.36636
0.908086
0.594586
0.660773
1.15715
0.369583
1.58367
0.532705
1.07429
0.744302
1.30289
0.663949
1.20816
0.706949
0.63712
0.66586
1.7335
0.483298
0.857834
0.559024
1.38323
0.605869
1.32951
0.773017
1.05434
0.372629
1.38088
0.512138
0.972326
0.484732
0.761697
0.872942
1.25408
0.417196
1.11823
0.546311
1.08986
1.11321
1.13134
0.424755
0.910532
0.81905
0.494791
1.35552
0.844181
0.380441
1.1326
0.914442
0.572926
1.42968
0.588227
0.830165
0.8779
0.973809
0.350169
1.48711
0.43571
0.726302
1.0613
1.1131
0.407826
1.54258
0.170448
1.17152
1.0499
1.21927
0.366611
1.28932
0.33528
0.917456
0.83678
1.44145
0.383736
1.04557
0.593313
1.20208
1.08025
0.545237
0.680663
1.3955
0.485757
0.908455
0.867789
0.402716
0.909221
0.784995
1.20381
0.583001
0.763586
0.75871
1.2218
0.869986
0.779718
0.531307
1.50215
0.526812
1.00574
0.558907
0.897038
0.755525
1.27632
0.719305
1.00841
0.478746
1.07272
0.891207
0.824162
0.86905
0.518328
1.08811
0.854752
0.735335
0.758476
0.83739
0.690146
1.6522
0.622488
0.928683
0.711691
1.5151
0.439699
1.14603
0.608765
0.906011
0.495153
1.31423
0.408781
1.01172
0.548597
0.816376
1.4386
1.00068
0.526276
1.07149
1.01662
0.511766
1.12552
0.732438
0.896154
0.516306
1.37717
0.337439
1.43835
0.521065
1.09346
1.06013
1.38871
0.277312
1.51875
0.437782
1.02524
0.851291
1.37722
0.147995
1.34728
0.5192
0.675753
1.27637
1.15048
0.327026
1.31952
0.807699
0.478353
1.31797
0.755983
0.717446
0.856334
1.02697
0.368159
1.50409
0.400893
0.951741
0.972359
1.34568
0.288321
1.69839
0.313715
1.22124
1.02313
1.25959
0.267354
1.25432
0.587003
0.665841
1.1162
0.840334
0.535813
1.06618
0.901834
0.631724
1.54248
0.246833
1.28684
1.06936
1.18339
0.268452
1.47745
0.366553
0.922556
0.937375
1.09094
0.416507
1.19529
0.712216
0.813049
1.42714
0.355632
1.20723
1.08441
0.903204
0.339237
1.52301
0.209814
1.19625
0.814873
1.32147
0.375323
1.4859
0.526449
1.07122
1.02689
0.973243
0.799838
1.18022
0.54708
0.735991
0.836879
0.515373
1.16845
0.642565
0.891092
0.410651
1.57483
0.421339
1.39293
0.926597
1.175
0.350186
1.43802
0.374056
0.912738
0.651713
0.84604
0.659961
1.08976
0.707707
0.598573
1.34795
0.577633
1.40377
1.03447
1.11004
0.33727
1.36594
0.350643
1.08323
0.673827
0.781478
0.485952
1.20829
0.726995
0.631196
1.06009
0.87579
1.12869
0.882717
1.07251
0.408673
1.22012
0.310159
1.48646
0.602602
0.720448
0.616163
1.37071
0.634921
1.0512
0.687226
1.2311
0.739269
1.20965
0.44698
0.827524
0.698996
0.520689
1.10866
0.789228
0.463832
0.863553
1.09592
0.595826
1.41462
0.586914
1.07653
0.767782
1.32334
0.400122
1.08585
0.401967
1.16738
0.698312
1.32491
0.32215
1.32547
0.327199
1.26031
1.26114
0.799341
0.334297
1.44642
0.438591
1.18498
0.660244
0.856314
0.752632
1.44621
0.459525
1.05217
1.21336
0.380781
1.06216
1.56611
0.585622
0.628121
0.979909
0.813812
1.19899
0.804749
0.66383
1.20239
0.678331
0.863608
1.00411
0.41518
0.714129
0.6038
1.03499
0.695456
0.62936
0.764524
0.772307
0.996121
1.16597
0.585508
0.791272
0.878791
1.06863
0.493196
1.14842
0.584781
1.0147
0.930523
1.12427
0.429438
1.32292
0.305368
1.40327
1.17246
0.578199
0.453127
1.37853
0.365429
1.32837
0.75747
1.01688
0.73108
1.52717
0.559599
1.04677
1.08514
0.340618
1.09881
1.51382
0.474714
0.679924
1.03788
0.681852
1.42469
0.47066
0.840326
1.397
1.17055
0.445868
1.33654
0.331767
0.986122
0.707635
1.33504
0.424983
0.866447
0.79576
1.01446
1.05125
0.604042
0.527649
1.39553
0.81774
0.815153
0.53354
0.74754
0.708827
0.755243
1.11205
0.567121
0.369774
1.07476
0.906532
0.85323
0.956654
0.457716
1.04571
1.22196
0.616377
0.701425
1.18141
0.405819
1.24293
1.27534
1.07776
0.350517
1.13419
0.568826
1.22471
0.728542
0.544327
0.904708
1.59361
0.664974
0.996665
0.717146
1.16373
0.685715
1.44029
1.03262
0.680212
0.704583
1.28163
0.712908
1.19157
0.45291
0.953672
1.5613
1.2196
0.401348
1.19656
0.899495
0.507216
1.3355
0.756475
0.640269
0.826065
1.17019
0.667617
1.17182
0.375499
0.745846
1.22774
0.951915
0.407825
0.776609
0.553795
1.36718
0.510746
1.06482
0.534766
0.995937
0.94386
0.897845
0.670253
0.869212
0.59404
1.32803
0.851047
0.585738
0.758545
1.40806
0.520503
1.18366
0.883004
0.677949
1.33983
1.45481
0.732827
0.705436
1.23881
0.437675
1.38438
0.63511
0.58978
1.11599
1.16934
0.56466
1.13695
0.426938
1.12157
0.986179
0.774437
0.510554
1.09387
0.450211
1.35238
0.669034
0.775913
0.682764
1.3064
1.08492
0.618249
0.853226
0.768298
0.989189
1.06365
0.526769
0.666396
1.33342
0.958644
0.670915
0.980893
0.763567
0.892173
1.27328
0.665748
0.93157
0.523714
1.4201
0.368018
1.15476
0.391305
0.808453
1.18018
1.03899
0.363065
1.28566
0.566026
1.15035
1.02283
0.598334
0.781478
1.21569
0.5846
0.867358
0.973288
0.446843
1.41867
1.05944
1.00609
0.499614
1.47643
0.448872
1.39357
0.895754
0.655254
0.870444
1.41198
0.459564
1.30207
0.531322
0.898549
1.25022
1.25977
0.456722
1.24945
0.478215
0.99496
0.944547
0.641172
0.469431
0.884642
0.989019
0.854957
0.516178
0.923412
0.474276
0.991191
1.09284
0.768365
0.351594
1.00436
0.894436
0.648975
1.25058
0.476327
0.817704
1.28545
0.724065
0.718613
0.982785
0.47667
1.10701
1.10962
0.8385
0.599699
0.762275
0.771888
1.23938
0.903049
0.747912
0.582375
1.57037
0.982266
0.63072
0.982876
0.962489
0.663778
1.55958
0.83194
0.908598
0.710531
1.43193
0.402994
1.36561
0.441126
0.562669
1.32395
1.24645
0.353719
1.1099
0.475432
1.1948
0.841659
0.669744
0.641181
1.23817
0.44599
1.11106
0.865851
0.480446
0.641441
1.195
1.17316
0.508547
0.628545
1.07434
0.802336
1.10115
0.650312
0.754871
1.36402
1.23283
0.560825
0.960657
1.19663
0.433642
1.51114
1.10633
0.717174
0.750898
1.1737
0.788132
1.13751
0.460782
0.647592
1.09261
1.25002
0.589263
0.80834
0.568337
1.11837
0.583917
1.17932
0.536228
0.796645
0.898478
0.947785
0.610793
0.966497
0.254537
1.17301
1.10862
0.877633
0.22317
1.30232
0.510947
1.00908
1.12348
0.666696
0.712144
1.38846
0.767616
0.859696
0.907144
0.627208
1.05843
1.22423
0.70256
0.69343
0.706099
0.818278
1.1645
0.819919
0.889577
0.604133
1.41914
1.13706
0.623886
1.09839
0.852908
0.690239
1.58612
0.927147
0.792413
0.809691
1.26402
0.386943
1.49707
0.460979
0.606939
1.11059
1.30263
0.415538
1.02586
0.474116
1.06567
0.776738
1.04905
0.609238
1.03012
0.531452
1.29521
0.694642
0.849864
0.432122
1.12816
1.07592
0.79129
0.463123
1.09477
0.411041
1.21492
0.895417
0.780028
0.444685
1.37854
0.591666
0.978472
1.17451
0.478455
0.915963
1.66566
0.616904
0.757748
0.98955
0.663
1.28124
1.11831
0.755752
0.822058
0.80798
0.720337
1.18016
0.723075
0.657964
0.657257
1.43528
0.839553
0.71442
0.957921
0.853884
0.729126
1.49817
0.920819
0.865143
0.663255
1.38676
0.357747
1.35882
0.630842
0.732588
0.9467
1.37027
0.313271
1.40307
0.34992
0.966807
1.25496
1.30068
0.284119
1.20098
0.70812
0.600689
1.12929
0.93836
0.488462
1.11511
0.871642
0.877567
1.1631
0.355142
0.6251
1.10782
0.989292
0.567577
0.934348
0.428699
0.777081
0.730579
1.41479
0.423155
0.647506
0.763538
1.0923
0.702297
1.03862
0.478325
1.03173
0.628432
1.3541
0.283075
1.31551
0.29243
1.05698
1.06575
1.17284
0.293317
1.47983
0.251469
1.16777
1.1152
1.07148
0.183483
1.33042
0.482143
0.945717
1.2218
0.799309
0.455374
1.17968
0.460658
1.12742
0.883775
0.501478
0.605576
1.18325
0.63345
0.795159
0.950851
0.373781
0.736261
1.11109
1.02782
0.504901
0.783485
0.591235
1.19949
0.586041
1.04131
0.663391
0.868272
0.755066
1.21637
0.630669
0.955682
0.355003
1.21667
1.21129
0.746412
0.298972
1.31906
0.413775
1.07941
0.99953
0.839585
0.35018
1.36363
0.605766
0.858008
1.20416
0.382959
0.890957
1.56474
0.68718
0.541553
1.14075
0.472698
1.33388
1.03895
0.929032
0.536524
1.08354
0.422856
1.42805
0.829182
0.631461
0.649347
1.60796
0.592951
0.874649
0.72855
0.771921
0.970045
1.38576
0.65492
0.963565
0.73738
1.03551
0.955174
0.8088
0.845576
0.675309
1.1001
1.10321
0.637595
0.947784
0.724498
0.636552
1.60676
0.83208
0.602565
0.807971
1.19632
0.391603
1.43418
0.718251
0.780053
0.564109
1.48748
0.322862
1.35081
0.311287
0.903168
1.36419
1.21848
0.297823
1.49595
0.341283
0.904542
1.01954
1.15031
0.212852
1.11436
0.675654
0.749769
1.36554
0.484222
0.671699
1.28681
0.600071
0.793988
1.07303
0.281971
1.15653
1.14446
0.733137
0.446169
1.19447
0.369
1.33178
1.06726
0.890704
0.605184
1.49052
0.621486
1.02176
0.849649
0.475891
1.17796
1.12929
0.469855
0.855643
0.943694
0.897196
0.806653
0.602988
0.476427
1.60856
0.478901
0.709822
0.695479
1.07206
0.888054
0.96332
0.76284
1.05387
0.688371
0.953314
0.77712
0.699087
0.653942
0.594469
1.10255
0.779683
0.521081
0.978802
0.865908
0.865198
0.9972
0.56745
1.05833
0.726738
0.985765
0.607993
0.713749
0.75734
1.2425
0.747778
0.990559
0.578832
1.34513
0.360624
1.41703
0.928707
0.777918
0.529864
1.18736
0.435668
1.15612
0.391144
0.836327
1.3104
0.753618
0.59576
1.05376
0.700886
1.30654
0.721842
0.566423
1.35649
0.712563
0.757271
0.980566
0.396891
0.885677
0.826061
0.897856
0.487974
0.625677
0.873521
0.841859
1.14406
0.887067
0.496116
1.35496
1.18211
0.444484
1.25507
0.470881
1.1286
0.765916
0.907979
0.589221
1.05582
0.567204
1.09108
0.83903
0.874607
0.608361
1.50622
0.972785
0.50098
1.1054
0.935443
0.690711
1.22601
0.409508
0.85436
1.09783
0.754898
0.407284
1.32436
0.268322
1.42848
0.620764
1.11777
0.638698
1.381
0.469929
1.17259
0.730754
0.797526
0.729558
1.35007
0.31385
1.04512
0.560504
0.874104
1.25757
0.671795
0.533671
1.44296
0.493792
0.996315
0.891018
0.740521
1.04173
1.00694
0.425986
1.25599
0.358834
1.12504
0.544611
0.700666
1.02655
1.28988
0.368547
1.39857
0.543065
1.12626
0.824267
0.733699
0.77457
1.07363
0.589749
0.590277
1.11511
0.424033
1.21251
0.74726
1.15125
0.832916
1.26157
0.590094
0.996395
0.902202
0.562125
0.93673
0.912272
0.625853
0.607838
1.14526
0.563729
1.02271
0.674071
1.0003
1.22933
0.929237
0.926013
0.695248
1.2985
0.443196
1.03971
0.62731
0.855227
0.735471
0.767538
0.610582
0.870659
0.806226
0.740916
1.19911
0.72074
1.04917
0.642663
1.10658
0.715064
0.795007
0.923655
0.531094
1.11008
0.728045
0.879383
0.462906
1.15264
0.605101
0.720183
1.06887
0.682726
0.702494
0.83383
1.14003
0.608501
1.02744
0.753336
1.12011
1.14038
0.758691
0.840458
0.666468
1.02646
0.574015
0.908581
0.52217
0.742584
0.736655
0.843853
0.533858
0.928125
0.984318
0.822368
1.21397
0.843107
1.15031
0.734873
1.01353
0.740279
0.728275
0.768558
0.508357
1.07533
0.495598
0.878479
0.639325
0.996144
0.918778
0.852568
1.01777
1.0684
1.01057
0.648736
1.11862
0.640838
0.901443
0.650597
0.779182
0.622397
0.985726
0.597524
0.829114
1.17175
0.499071
1.14633
0.963334
1.18524
0.557387
1.27679
0.623765
0.822317
1.0277
0.397321
0.863628
0.976721
0.690048
0.455779
1.26081
0.50895
1.0613
0.951192
0.805004
0.986408
1.21472
0.68796
0.987732
0.958801
0.664942
1.01178
0.714779
0.711544
0.867437
0.646123
0.883333
0.649622
1.03538
0.610957
0.965986
1.23838
0.885042
0.739408
1.17069
0.684511
1.0055
0.699123
0.459741
0.950301
0.836158
0.630745
0.704162
0.83926
0.835109
0.895574
1.03688
0.652255
0.993419
1.25895
0.585372
0.977194
0.624249
0.870731
0.800626
0.834423
0.604472
0.765173
0.81265
0.885093
0.738198
0.876868
0.718664
1.1544
1.08141
0.649417
0.988827
0.805502
0.932674
0.599512
0.936637
0.461971
0.707782
1.10322
0.601004
0.680615
1.00387
0.826873
0.980594
0.744714
0.895438
0.864002
0.958048
0.809667
0.647037
0.671307
0.952265
0.629395
1.04098
0.540469
1.02832
1.19559
0.81202
0.78324
0.966583
0.835849
0.795402
0.739895
0.546434
0.998064
0.677837
1.06954
0.368177
1.28717
0.536308
1.09958
1.0353
0.986937
0.697751
1.21122
0.5763
0.806629
0.844378
0.423129
1.28279
0.626018
0.514049
1.09917
0.67985
0.826407
0.955862
0.43347
1.20913
1.02035
0.552247
1.0029
0.570617
1.10442
0.867488
0.624021
0.659051
1.23719
0.475093
0.818054
0.828744
0.597613
1.4261
0.563874
0.693477
1.27721
0.869042
0.695019
0.860109
0.504552
0.942311
0.771026
0.743993
0.589517
0.752042
1.02197
0.510024
0.887807
0.786936
1.20037
0.429808
1.25306
0.553215
1.01807
1.17514
0.652858
0.765823
1.03532
0.621182
0.736416
0.909362
0.390128
1.18811
0.649399
1.15079
0.306694
1.44395
0.610034
1.02568
0.70415
1.17239
0.806889
0.966637
0.71954
0.717179
0.788337
0.757369
0.901555
0.701898
0.956623
0.462367
1.30673
0.538371
0.819124
0.820892
1.01604
0.457496
1.2917
0.464081
1.35263
0.437552
1.30114
0.302974
1.31417
0.51637
1.03635
0.49501
1.06573
0.685404
1.02953
0.720126
0.93136
0.751051
1.03956
0.850895
0.695267
1.06734
0.702896
1.13187
0.641033
0.962408
0.614589
1.22028
0.401014
1.09597
0.554743
0.676543
1.3517
0.682228
0.64828
1.12542
0.805171
0.864392
0.899546
0.539078
1.3666
0.530446
0.646621
1.02818
0.50901
1.18302
0.575912
0.660506
1.16213
1.04271
0.459257
1.28979
0.387642
1.29621
0.784167
0.619045
0.813149
0.788684
0.968083
0.607296
0.783612
0.761201
1.36188
0.501969
0.855581
1.0661
0.688618
1.16907
0.478198
0.625508
1.45559
0.490262
0.676183
0.942076
0.471857
1.36342
0.529804
0.544681
1.18761
0.6417
0.859902
0.68021
0.922703
0.870797
1.12769
0.549977
1.21059
0.707482
0.920161
0.909885
0.586951
0.790947
0.919976
0.565162
0.962135
0.63719
0.734095
1.27836
0.475627
1.07326
1.11816
0.842928
0.733837
0.908645
0.643745
1.17861
0.819328
0.571503
0.959489
0.686697
0.944307
0.791823
0.741266
0.812075
1.08687
0.521209
1.02116
0.73889
0.728503
1.32689
0.50637
1.04459
1.20014
0.829447
0.7643
0.859005
0.784857
0.879702
0.852792
0.617629
0.865723
0.492009
1.2767
0.454635
1.09318
0.515443
1.08207
1.31646
0.675017
0.705179
1.06844
0.602081
1.31891
0.537976
0.621338
1.20883
0.738022
0.767211
0.839383
0.652115
1.00942
0.624408
1.12192
0.425428
1.10386
0.573322
1.04251
0.724576
0.87977
1.0529
0.960968
0.753856
0.634511
1.23903
0.477953
1.20367
0.744703
0.974923
0.558337
1.21625
0.319417
1.16415
0.637933
1.05077
0.477245
1.00525
0.831899
0.685905
0.768015
1.01974
1.05765
0.517457
1.36562
0.398162
0.798764
1.38978
0.776813
0.539954
1.07661
0.318859
1.53183
0.611583
0.960464
0.716818
1.2425
0.498524
1.14116
0.54981
0.949019
0.920345
1.12313
0.362576
1.57465
0.345447
1.00525
0.993277
0.965076
0.669991
1.19664
0.459412
1.17134
0.812072
1.02884
0.423766
1.14002
0.642822
0.92156
0.950955
0.821752
0.660595
1.08139
0.698672
0.684562
0.744048
0.731746
1.23343
0.856281
0.724327
0.753525
1.24323
0.395362
1.10546
0.907596
0.754027
0.53669
1.21503
0.393902
1.32455
0.432271
1.30501
0.380527
1.13782
0.72649
0.672131
0.651524
1.22771
0.577845
0.987965
0.77944
0.610663
0.920152
0.768299
0.656207
0.718543
1.0974
0.662444
1.21981
0.464865
1.04703
0.775594
1.2045
0.43455
0.9949
0.753785
0.937737
0.681429
0.740592
0.898528
0.554634
1.10112
0.568427
0.928861
0.952844
1.16222
0.503606
1.24574
0.485031
1.19027
0.875773
0.914983
0.687329
0.717164
1.24931
0.336578
1.00539
0.734267
0.889587
0.457974
1.11479
0.502486
1.14598
0.628642
1.3064
0.55608
1.31067
0.679816
0.903968
0.516114
1.2714
0.885529
0.876217
0.616384
0.855519
0.733567
0.986068
0.627752
0.858769
0.856003
0.586156
1.22067
0.748332
0.587747
1.08007
0.745871
0.533081
1.12739
0.555406
1.2451
0.681662
0.936178
0.723039
0.981495
0.422864
1.41881
0.49432
0.955937
0.63658
1.14947
0.569169
1.22641
0.400286
1.36355
0.539584
0.897728
0.938896
0.641151
0.618562
1.45415
0.41711
1.31347
0.48971
0.907367
1.16489
0.796035
0.473193
1.19619
0.461419
1.02791
0.963495
0.76242
0.552463
0.913765
0.884815
0.496167
1.1301
0.459727
0.999588
0.890133
0.884152
0.711581
1.32653
0.382739
1.38377
1.04885
0.732327
0.745493
1.08555
0.520928
1.40153
0.597455
0.889841
1.0893
0.815916
0.606704
1.10022
0.397606
1.31654
0.608592
0.755862
0.896787
1.01864
0.67422
1.19632
0.369137
1.31357
0.87791
0.543027
0.836276
0.863174
0.612766
1.19377
0.479
0.852033
1.18312
0.430114
1.23895
