134.168
152.766
181.904
43.765
67.0798
169.327
83.0992
210.24
138.402
172.452
133.223
117.82
129.527
298.548
133.523
174.125
356.357
156.248
147.535
257.435
82.664
157.392
392.948
267.83
197.01
171.937
164.006
187.273
78.3073
195.178
123.391
153.946
127.7
147.401
197.175
209.552
253.665
128.585
75.9967
204.179
355.814
147.334
128.873
95.8733
170.191
224.351
121.451
159.13
227.192
161.773
166.074
146.029
146.826
172.36
139.042
226.272
216.183
169.161
155.212
143.53
158.787
144.953
227.135
120.806
181.718
133.452
142.197
229.648
318.773
92.7202
266.846
97.3212
185.803
266.385
174.272
142.961
189.62
159.191
89.4378
223.98
272.33
165.835
277.107
172.313
192.474
95.9388
383.347
206.384
116.633
181.338
143.396
178.036
148.237
250.712
142.694
213.964
139.306
104.815
264.822
181.831
132.819
88.8758
166.223
183.471
231.624
108.594
207.953
257.301
239.504
239.409
157.738
122.967
172.984
177.109
176.994
156.816
125.031
360.014
128.658
133.173
185.338
57.8518
90.2527
67.0875
137.573
240.03
356.12
104.552
162.661
146.458
224.45
277.067
132.787
184.996
57.0125
265.539
113.755
136.388
105.433
67.233
174.535
147.459
183.713
148.153
167.234
92.4553
140.577
125.856
153.578
114.343
195.348
163.314
210.905
105.233
260.387
169.099
72.638
308.255
110.943
205.847
216.917
60.6993
261.75
135.735
238.144
158.491
100.566
52.2956
98.6195
211.441
130.964
224.477
172.034
197.237
159.64
98.3745
219.951
168.858
82.7708
180.457
60.4814
114.097
94.5901
118.706
257.543
179.233
91.4434
155.503
180.143
79.4443
96.6591
137.376
153.155
108.919
134.413
282.658
106.113
149.481
155.358
151.847
76.4987
275.093
113.154
169.905
265.403
199.105
160.38
185.967
229.844
237.322
103.114
153.506
125.142
102.198
66.7529
155.175
92.5945
181.567
201.362
95.4639
133.546
205.294
329.429
213.249
180.635
95.066
146.503
186.955
294.049
154.551
255.466
154.165
117.973
154.492
167.386
334.615
116.262
160.305
160.192
127.736
213.245
72.7212
129.863
162.974
246.404
53.8904
206.872
142.904
208.913
109.857
255.462
74.634
122.52
137.834
146.54
168.963
134.068
121.443
129.683
111.131
118.023
249.242
139.177
85.2362
213.152
225.688
239.087
138.036
154.578
141.615
194.329
483.559
97.5457
132.813
258.842
209.557
83.8719
111.162
162.859
234.385
143.361
215.428
38.5081
235.545
224.91
129.826
106.475
129.633
245.034
192.962
274.155
167.587
79.0213
89.2995
242.351
161.28
151.843
227.998
76.8724
320.66
80.2883
224.35
140.605
159.041
89.6096
275.217
156.788
112.616
162.058
86.2921
114.841
130.793
135.163
199.78
144.854
177.778
119.433
374.407
124.959
179.381
222.489
120.276
119.443
149.723
94.2754
180.793
318.266
216.582
266.43
205.404
242.373
152.348
100.946
147.936
132.917
180.43
82.2468
143.903
141.106
85.6584
61.9323
76.6028
140.986
185.806
315.729
332.523
167.567
221.317
300.043
118.523
247.976
156.894
134.459
112.89
275.745
249.262
156.325
146.401
202.697
219.806
245.104
175.499
140.17
284.038
98.5373
216.341
123.967
313.74
376.592
231.18
102.54
156.249
206.974
267.702
229.909
199.549
187.37
265.902
104.806
167.132
212.473
138.403
121.22
279.75
119.736
260.229
143.698
127.813
238.14
277.805
199.026
166.881
182.479
155.029
217.17
154.895
224.716
197.063
249.651
240.828
318.466
223.318
175.514
200.777
159.49
171.426
202.506
194.452
315.023
53.425
122.637
207.157
195.87
117.028
214.345
254.942
222.247
148.756
308.074
218.022
221.675
213.952
164.751
63.3795
77.3383
320.279
144.184
272.675
277.839
137.349
176.627
99.3432
147.869
145.108
157.018
167.432
259.492
277.024
260.52
139.609
96.0248
66.4375
296.564
160.744
87.2231
173.944
302.336
153.861
130.554
174.208
115.386
153.836
392.731
92.7798
120.951
264.413
94.8058
144.475
128.811
247.29
231.615
228.641
136.332
99.5893
136.452
206.675
170.185
114.562
154.261
163.494
112.131
224.672
293.709
68.4096
228.425
81.5761
208.324
144.786
71.9105
217.427
144.947
119.793
223.78
283.292
99.8919
198.931
146.942
220.069
98.1202
214.631
220.619
232.57
112.691
166.377
224.452
344.303
53.7489
178.465
214.087
142.619
104.444
164.196
332.065
188.407
100.563
105.114
198.458
135.078
167.268
263.464
146.088
201.499
162.238
71.7427
138.922
168.79
98.3705
291.441
194.348
306.325
153.461
104.933
99.052
139.909
61.7114
132.02
195.5
162.247
346.847
119.008
171.263
150.992
200.237
130.667
200.269
159.056
254.152
97.3321
144.482
188.028
204.739
145.606
120.025
208.351
183.276
131.361
103.715
120.133
192.668
169.448
117.911
117.053
129.74
287.351
117.168
182.103
203.483
253.285
151.481
139.878
157.733
110.968
83.9266
203.433
78.1817
147.521
165.324
264.589
204.641
169.866
201.164
354.662
96.6995
114.883
93.5796
44.7235
174.305
172.86
263.664
230.926
174.667
112.474
118.392
305.044
343.259
90.5263
403.241
196.509
68.9501
317.194
189.444
116.341
303.664
91.4638
193.486
167.325
103.277
115.243
88.1864
95.8051
275.248
292.579
338.016
194.763
388.257
57.1426
182.44
68.4698
137.076
204.277
270.554
172.404
152.868
167.846
203.942
100.366
113.902
141.641
172.262
177.897
176.481
162.372
306.662
169.494
158.591
244.429
271.279
215.559
345.668
108.657
131.664
289.066
83.2796
219.453
219.937
172.688
138.728
151.175
118.799
71.8208
136.706
157.58
212.452
162.458
187.036
57.7057
93.0654
133.707
79.8166
228.75
128.584
224.068
112.539
126.14
132.923
217.686
149.904
117.128
178.206
263.735
311.036
82.6065
188.994
172.265
125.181
428.083
393.327
139.926
56.2613
167.846
53.5012
111.138
197.401
201.107
127.301
152.151
362.683
218.598
100.519
165.171
354.156
79.6616
247.615
134.075
221.395
279.694
164.051
145.574
142.523
175.398
180.578
199.045
127.118
167.39
208.951
293.624
179.744
182.548
107.766
130.887
127.061
220.924
176.758
106.167
189.436
58.2327
128.444
348.687
207.678
58.3753
139.201
206.372
96.736
372.403
169.649
37.9619
141.753
80.2436
213.549
148.532
71.6558
268.35
131.935
117.086
74.9979
215.784
134.178
238.744
97.5772
82.0829
202.537
183.975
138.418
161.9
197.764
66.7882
183.325
188.653
251.682
121.789
110.679
118.984
236.5
296.195
271.986
260.645
215.84
269.649
281.463
178.215
222.534
156.115
324.815
167.869
140.678
160.066
266.846
102.387
155.056
264.472
218.062
145.977
215.579
144.479
122.212
376.48
184.592
130.771
272.196
184.672
102.355
84.8426
267.642
122.623
266.838
201.771
197.813
139.329
324.709
433.454
229.032
215.21
152.169
163.721
220.67
256.109
147.673
283.597
149.659
96.3195
246.368
386.988
176.98
214.519
156.018
162.601
130.035
131.094
94.4571
314.936
110.704
129.708
174.994
226.316
192.759
206.015
207.777
123.114
124.617
210.394
205.942
194.122
154.717
94.4405
148.19
219.321
175.577
143.875
187.833
193.144
141.063
202.865
92.1904
171.761
357.886
173.851
147.273
142.793
158.344
89.7608
81.8961
107.598
310.168
160.179
267.427
273.043
188.454
262.716
118.603
169.951
86.2734
91.3007
86.4527
185.311
127.482
229.852
193.678
137.536
177.592
144.219
94.7852
120.31
140.436
90.637
273.355
220.282
273.921
183.342
242.649
91.1086
203.706
207.933
105.52
180.962
162.145
137.399
222.671
93.1472
144.504
216.552
111.769
211.566
319.584
195.597
79.2086
247.204
195.122
93.5682
246.316
98.7238
184.094
209.469
132.915
207.782
136.02
279.034
353.066
357.134
214.89
232.039
181.525
128.801
342.681
216.002
169.158
131.486
173.372
240.882
175.929
154.715
101.104
98.4424
296.73
156.054
153.344
305.082
178.306
217.531
108.314
156.968
335.143
240.367
264.03
125.395
194.814
269.168
191.105
198.648
165.183
122.347
299.149
199.964
151.531
171.387
297.821
337.307
75.4207
198.679
163.832
61.4915
150.067
95.7294
244.463
262.112
224.74
271.744
258.735
78.0511
151.291
262.877
135.638
111.586
188.818
129.258
74.0059
180.9
217.596
98.6913
190.407
181.699
116.085
119.685
87.1269
117.53
115.138
176.849
135.834
329.415
249.91
170.074
205.545
141.888
98.2471
138.225
165.768
217.273
85.2217
102.585
87.5777
231.932
131.093
265.128
156.68
97.1492
337.012
228.021
191.001
211.656
254.044
207.985
147.38
153.74
226.994
74.6429
85.842
166.182
164.897
174.38
161.106
256.675
109.084
199.789
254.892
88.4801
234.111
142.362
102.353
124.107
142.403
190.715
148.023
85.8031
173.476
244.84
142.595
161.059
120.211
130.791
360.466
229.598
189.452
137.555
255.496
141.234
151.868
169.686
173.875
102.093
158.89
361.007
90.071
111.093
269.593
181.187
179.135
308.448
191.441
202.012
260.077
219.744
116.413
225.091
222.463
126.021
299.544
161.863
135.578
129.61
277.439
117.362
146.867
248.161
91.8398
103.028
213.758
136.055
312.237
203.803
93.2487
308.332
207.128
115.756
197.46
126.389
72.6341
227.158
158.737
209.979
94.2068
296.835
104.821
214.373
141.372
143.772
91.6009
93.7546
104.117
97.2264
177.53
194.527
154.762
496.115
157.004
293.471
237.654
118.46
63.4625
170.818
39.9048
44.8746
98.2509
205.988
227.69
134.663
274.441
118.143
103.521
125.779
172.485
160.193
58.083
283.472
111.142
72.6921
123.911
140.665
78.9429
188.605
218.288
177.906
321.55
143.752
368.153
264.484
199.498
210.618
325.547
175.467
112.664
161.467
129.66
162.724
198.324
166.571
97.3991
116.3
269.503
241.831
228.051
101.202
113.931
283.444
104.445
238.197
90.6058
130.488
189.53
240.363
215.208
262.475
249.622
142.412
224.34
91.2502
135.062
193.628
109.983
134.5
192.924
188.999
99.7407
116.894
246.844
141.469
136.582
151.211
168.054
231.491
172.175
225.94
120.87
129.678
242.153
168.236
114.414
154.135
328.669
172.038
201.665
203.065
187.231
66.2049
69.8896
161.098
130.785
178.701
81.5002
162.549
407.911
201.161
236.108
171.425
174.404
216.528
139.199
177.244
191.625
264.155
69.6845
82.1328
129.254
279.303
216.344
250.518
78.2223
231.863
222.065
156.083
199.86
149.938
119.076
128.121
283.427
91.7161
86.399
98.7265
223.898
125.541
306.53
166.595
218.501
78.6882
356.747
251.306
241.701
159.128
293.492
390.925
205.892
175.285
134.761
136.214
166.074
150.549
158.609
196.631
224.926
205.451
238.105
237.926
148.147
158.63
307.357
198.118
127.202
53.7565
153.532
211.114
162.917
145.604
200.627
139.694
222.831
150.885
167.699
123.732
128.483
69.0244
285.058
289.478
213.59
157.169
473.368
160.939
237.177
405.452
140.106
274.08
177.026
267.232
193.754
212.937
91.7492
261.635
210.98
152.445
213.294
169.175
146.3
58.7578
372.886
154.709
230.584
142.992
266.288
288.531
179.565
269.048
192.44
135.503
199.034
133.101
213.881
245.357
183.656
180.098
298.701
140.522
165.759
105.224
44.5147
142.9
146.256
197.954
168.894
117.473
120.162
146.049
157.049
224.653
187.337
190.299
217.363
226.995
224.667
236.265
122.03
282.198
200.198
166.253
212.427
314.777
123.001
182.692
169.009
105.949
168.992
134.079
247.291
424.011
158.894
197.938
116.466
250.799
325.838
151.476
238.28
181.773
96.0275
187.896
216.575
184.198
180.743
194.711
103.904
236.053
345.214
258.667
117.924
118.536
73.2138
193.732
155.805
292.673
173.024
97.1367
50.6341
159.167
289.266
150.779
164.517
199.697
277.678
168.947
108.296
264.726
201.96
153.087
147.58
94.993
145.99
154.3
96.9909
125.406
230.107
240.981
188.302
113.816
192.364
96.3161
211.678
179.295
158.251
101.167
161.389
154.786
227.019
235.699
165.577
194.223
276.949
132.357
302.04
214.237
100.35
293.134
132.237
128.089
286.072
90.0794
217.299
111.731
251.885
276.075
196.738
183.442
149.895
114.855
134.715
230.844
322.14
116.417
283.06
143.268
169.536
308.73
181.847
73.7041
269.364
142.442
102.808
156.27
143.655
304.932
117.02
151.124
373.225
191.36
232.895
174.415
62.3642
206.516
372.252
275.944
117.227
193.973
149.554
296.009
174.585
117.058
184.96
313.751
97.5199
321.829
122.268
130.233
203.256
257.468
93.1684
206.698
199.73
175.408
145.029
126.468
244.652
209.922
135.512
180.08
111.428
110.873
107.29
271.542
169.163
180.455
179.145
170.185
192.375
169.902
295.941
147.765
191.697
142.948
263.317
197.705
215.994
201.087
146.162
115.821
92.0732
184.514
191.357
301.896
275.732
99.3508
105.011
143.034
126.443
185.118
219.383
193.967
114.615
183.764
235.015
161.285
119.002
250.034
172.495
216.792
74.1721
231.315
211.53
95.3309
208.446
152.083
198.088
219.164
136.685
161.486
125.926
167.341
319.915
404.176
203.025
226.785
194.671
138.369
153.677
256.972
180.814
140.335
181.128
118.847
206.107
237.632
137.888
181.73
169.647
245.409
166.337
128.674
225.801
245.434
132.874
80.544
164.471
147.112
161.024
141.514
123.182
189.1
203.709
188.605
273.892
210.054
257.509
345.244
98.5087
118.295
242.077
205.691
224.462
117.684
152.852
83.928
370.051
191.167
184.02
168.485
55.6939
376.707
88.6592
261.917
288.15
98.2583
157.18
166.409
240.606
207.077
229.795
100.84
104.53
126.827
154.23
158.107
429.455
119.214
77.1424
137.284
187.411
222.215
98.4327
92.2185
38.4914
169.443
183.782
154.445
246.515
88.3214
321.668
178.264
122.171
324.377
128.091
275.371
387.299
198.776
176.363
157.761
122.466
139.776
161.483
171.02
163.508
273.692
364.53
152.639
168.541
127.22
171.304
177.765
190.096
188.555
155.449
44.4218
306.3
191.324
215.02
104.731
65.8444
94.381
203.302
321.301
62.1597
102.23
82.0093
130.187
75.8744
104.051
336.432
281.358
111.331
171.035
117.569
80.4149
110.921
73.16
153.921
292.414
121.208
127.948
186.113
161.49
106.67
178.875
178.675
155.774
168.422
145.498
115.88
166.572
110.971
171.083
139.832
213.459
126.91
153.974
325.806
210.643
285.529
130.754
166.31
228.564
108.061
103.129
136.226
92.6011
150.047
131.793
233.751
91.2191
74.8309
183.457
119.465
123.829
96.1377
193.719
159.87
116.075
155.935
166.749
163.05
313.889
149.834
77.9974
513.52
423.462
192.337
211.832
557.856
154.379
204.886
228.33
85.0776
234.853
272.372
233.415
253.271
122.514
158.185
146.791
322.416
205.94
103.146
155.284
215.967
280.942
289.823
236.336
169.404
122.489
138.626
207.433
154.526
202.233
91.0509
143.323
179.722
218.719
258.058
149.685
332.579
227.982
151.815
178.137
171.781
251.112
108.389
138.697
260.478
96.5178
177.807
211.466
230.441
245.135
186.861
200.145
209.687
192.732
225.543
362.881
125.328
140.522
124.245
37.9634
200.201
170.858
244.941
147.533
116.93
93.898
209.594
173.735
433.074
137.165
302.139
222.446
189.002
310.328
216.125
225.163
171.338
94.5693
198.206
247.91
385.533
151.032
196.387
92.0856
135.757
148.444
173.542
234.565
155.354
83.1552
103.478
124.74
343.505
265.654
145.102
186.058
199.492
266.234
141.067
240.17
172.482
199.184
190.368
127.679
98.8356
243.667
171.208
118.786
140.91
88.7647
86.1036
118.705
413.486
72.3736
65.818
123.743
118.129
193.176
239.122
154.539
121.479
132.344
79.3516
234.14
384.15
61.9758
202.638
294.658
197.898
109.833
270.534
196.86
118.275
203.416
88.7151
208.018
103.945
181.461
194.765
123.462
145.533
89.2185
47.2479
201.031
138.507
134.11
93.0945
94.1078
186.272
270.881
205.722
106.523
343.274
204.053
174.021
211.731
194.109
144.44
221.221
243.667
243.178
358.72
216.341
296.088
184.781
133.824
217.309
63.4169
252.333
85.0162
265.665
189.954
140.817
81.9497
313.984
155.061
147.376
87.6845
109.251
103.073
83.2036
276.043
165.957
217.394
173.583
94.7074
94.1225
227.277
229.293
235.498
157.172
213.638
187.855
102.188
67.0472
268.32
107.268
203.663
79.5311
260.269
186.67
130.929
180.214
227.832
125.541
191.035
238.269
114.448
62.3766
115.461
141.641
125.209
103.204
82.1674
137.492
241.902
126.348
143.678
74.3421
118.475
155.286
223.974
238.632
116.58
317.366
214.264
167.339
152.877
269.657
168.963
202.079
124.665
226.372
226.122
280.776
129.756
185.262
121.078
206.232
158.515
166.204
59.7878
231.505
192.899
216.808
228.978
127.555
105.145
173.272
310.794
142.234
171.534
211.279
147.84
151.059
205.884
151.738
210.087
104.155
134.401
141.275
103.766
183.244
386.283
112.961
157.913
219.603
131.156
190.247
129.108
246.026
281.942
201.104
121.041
250.056
199.823
141.103
211.705
246.345
375.755
118.798
229.635
113.411
178.317
168.291
151.565
252.426
159.969
257.355
168.033
199.72
143.45
216.43
235.145
194.155
248.74
119.578
219.344
283.786
186.532
91.6719
137.981
160.166
44.8329
135.277
203.11
211.457
163.679
52.5103
195.239
155.556
95.986
282.873
149.896
79.7695
261.43
63.0966
98.5419
89.0004
167.543
153.981
191.461
110.418
210.424
229.098
128.758
209.311
125.891
284.005
233.859
130.751
129.131
199.816
289.221
115.654
181.042
mean: 178.788
